	
D-I Avg:	
105.5	
0.4923	Eff. FG%
50.5	Turnover%
17.1	Rebound%
29.0	FT Rate
32.8	2-Pt %
50.3	3-Pt %
33.8	3P Rate
37.3	
67.6	
Rk	Team	Conf	G	Rec	AdjOE	AdjDE	Barthag	EFG%	EFGD%	TOR	TORD	ORB	DRB	FTR	FTRD	2P%	2P%D	3P%	3P%D	3PR	3PRD	Adj T.	WAB
1	Connecticut
   1 seed, CHAMPS	BE	40	37-3
128.0
1	91.3
4	.9799
1	56.9
7	44.4
3	14.5
34	16.0
247	36.7
12	26.7
78	31.9
202	31.1
134	59.1
4	43.2
4	35.8
69	31.2
33	40.2
102	32.9
43	64.6
327	+11.2
1
2	Houston
   1 seed, Sweet Sixteen	B12	37	32-5
119.6
15	86.5
1	.9766
2	50.3
195	44.0
2	13.8
9	24.4
3	36.8
10	31.2
282	30.8
236	39.4
316	49.2
226	43.1
3	34.8
132	30.1
11	36.8
191	40.1
282	63.4
349	+10.0
3
3	Purdue
   1 seed, Finals	B10	39	34-5
126.0
3	94.5
15	.9649
3	55.8
13	47.5
38	16.4
134	13.7
341	37.7
6	24.3
15	41.3
13	22.0
4	53.3
64	47.7
61	40.4
2	31.5
44	34.7
251	36.9
171	67.1
211	+10.6
2
4	Auburn
   4 seed, R64	SEC	35	27-8
121.0
10	93.1
7	.9534
4	54.2
35	43.7
1	15.1
56	18.1
102	32.9
59	30.2
225	38.3
42	41.5
335	55.1
22	42.9
1	35.2
105	30.2
12	37.5
176	33.4
51	70.0
56	+5.2
9
5	Iowa St.
   2 seed, Sweet Sixteen	B12	37	29-8
113.6
53	87.7
2	.9517
5	52.0
97	47.4
36	15.4
68	25.3
2	31.1
103	29.4
198	35.4
102	34.8
241	51.2
138	47.4
51	35.8
69	31.5
44	31.7
305	45.2
354	67.4
193	+6.3
6
6	Arizona
   2 seed, Sweet Sixteen	P12	36	27-9
120.5
12	93.3
8	.9501
6	54.5
30	48.4
67	16.0
104	18.0
110	35.6
18	23.3
6	36.4
83	25.9
26	54.4
37	47.7
61	36.6
33	32.9
113	33.4
281	37.9
208	72.3
15	+4.9
10
7	Tennessee
   2 seed, Elite Eight	SEC	36	27-9
115.9
31	90.4
3	.9455
7	51.1
147	45.3
5	14.5
34	18.5
79	32.2
75	28.2
138	33.7
147	35.7
260	50.8
151	44.3
8	34.4
152	31.2
33	41.2
79	41.1
301	69.2
84	+5.6
7
8	Duke
   4 seed, Elite Eight	ACC	36	27-9
121.3
9	95.5
20	.9399
8	54.6
28	48.6
78	14.4
31	16.9
174	32.0
77	25.9
53	34.3
132	28.1
66	53.5
55	49.0
108	37.7
13	31.8
53	37.5
176	34.7
81	66.5
247	+3.5
15
9	North Carolina
   1 seed, Sweet Sixteen	ACC	37	29-8
119.2
18	94.3
14	.9369
9	51.5
126	46.7
18	14.1
19	14.8
310	33.0
58	23.7
10	36.2
88	28.2
69	50.2
178	46.0
23	35.9
61	32.0
61	36.1
211	35.8
119	70.5
47	+7.0
4
10	Creighton
   3 seed, Sweet Sixteen	BE	35	25-10
121.7
8	97.1
32	.9309
10	57.3
3	46.3
11	15.4
68	11.0
362	26.1
273	24.9
27	24.7
352	16.0
1	59.2
3	45.5
15	36.8
25	32.3
78	48.5
8	27.9
6	66.7
233	+4.4
13
11	Marquette
   2 seed, Sweet Sixteen	BE	37	27-10
118.6
20	94.9
16	.9289
11	55.0
20	49.8
133	14.3
27	21.1
19	25.7
285	30.8
266	25.5
344	26.9
38	56.6
12	49.3
124	35.2
105	33.7
162	41.1
84	42.8
335	69.1
90	+6.6
5
12	Gonzaga
   5 seed, Sweet Sixteen	WCC	35	27-8
123.6
5	99.1
57	.9269
12	57.0
6	47.3
32	14.0
15	16.1
241	33.2
51	27.7
111	30.7
240	25.2
19	58.3
7	45.1
13	36.2
43	34.1
195	31.3
312	36.6
148	68.8
103	+2.4
23
13	Illinois
   3 seed, Elite Eight	B10	38	29-9
125.7
4	101.1
91	.9247
13	53.6
48	48.0
46	15.0
51	12.3
360	35.6
18	26.3
64	37.1
68	26.7
33	54.4
37	46.8
36	34.9
125	34.1
195	38.6
142	28.3
7	69.7
68	+5.6
8
14	Alabama
   4 seed, Final Four	SEC	37	25-12
126.1
2	102.5
121	.9154
14	56.3
10	49.7
127	15.9
95	15.2
294	34.9
25	30.9
271	35.3
106	38.8
307	56.7
10	50.9
199	37.3
19	31.7
51	46.5
19	37.2
183	72.3
14	+3.3
16
15	Saint Mary's
   5 seed, R64	WCC	34	26-8
115.3
35	94.1
11	.9124
15	52.8
67	45.1
4	16.0
104	16.7
189	38.7
3	22.3
1	28.0
304	33.4
201	52.7
81	43.8
5	35.3
98	32.3
78	36.8
191	29.2
8	62.5
357	+1.4
35
16	St. John's	BE	33	20-13
120.1
13	98.5
44	.9067
16	50.9
156	49.5
113	15.7
84	18.5
79	38.6
4	30.3
229	27.3
324	34.4
231	50.8
151	47.9
71	34.1
164	35.0
254	32.5
295	35.9
123	69.3
79	+0.47
52
17	Baylor
   3 seed, R32	B12	35	24-11
122.6
7	101.0
88	.9028
17	55.7
14	51.4
234	17.7
216	17.0
164	35.0
24	26.9
89	40.2
22	31.2
136	53.5
55	52.1
257	39.5
4	33.4
142	38.9
133	35.4
103	65.8
276	+4.5
12
18	Michigan St.
   9 seed, R32	B10	35	20-15
113.3
55	93.5
9	.9015
18	51.6
121	48.0
46	15.0
51	18.5
79	29.8
139	28.5
148	29.3
272	32.4
176	50.5
164	47.4
51	36.2
43	32.6
96	30.5
323	41.6
311	65.4
306	-0.19
56
19	Texas
   7 seed, R32	B12	34	21-13
116.6
29	96.5
25	.8980
19	53.0
64	48.1
54	16.9
174	18.8
64	29.9
134	30.1
222	30.2
254	34.0
221	53.1
70	47.0
44	35.4
92	33.5
147	34.9
246	32.9
43	67.4
191	+0.7
46
20	Clemson
   6 seed, Elite Eight	ACC	36	24-12
117.7
23	97.4
34	.8978
20	53.9
44	48.2
56	14.8
43	13.9
337	27.2
240	26.6
72	30.7
240	32.1
165	54.6
33	47.1
47	35.1
112	33.1
126	39.9
108	41.1
301	66.3
258	+1.0
41
21	Kansas
   4 seed, R32	B12	34	23-11
113.7
51	94.2
13	.8971
21	53.5
50	48.3
60	16.5
143	16.5
206	25.7
285	26.5
70	32.5
184	28.5
76	54.7
30	45.8
20	33.6
194	34.6
233	29.8
334	41.0
296	69.0
93	+3.8
14
22	Florida
   7 seed, R64	SEC	36	24-12
120.5
11	100.2
76	.8936
22	51.8
109	49.3
106	15.7
84	14.5
316	37.3
8	28.8
168	38.4
40	34.8
241	51.8
112	49.5
136	34.5
144	32.6
96	34.5
258	32.4
36	71.8
19	+2.8
21
23	Colorado
   10 seed, R32	P12	37	26-11
118.3
21	98.6
45	.8902
23	55.4
15	49.7
127	18.1
249	15.2
294	32.0
77	24.7
22	35.1
111	27.3
47	54.0
40	50.6
180	39.1
6	32.1
66	30.6
322	35.2
96	67.7
170	+1.7
30
24	BYU
   6 seed, R64	B12	34	23-11
119.8
14	99.9
70	.8897
24	54.8
23	48.2
56	15.3
64	16.0
247	32.8
65	24.6
21	25.4
345	32.0
161	57.5
8	48.3
84	34.8
132	32.0
61	50.4
4	34.0
65	69.1
89	+2.3
25
25	Wisconsin
   5 seed, R64	B10	36	22-14
118.8
19	99.1
59	.8892
25	52.2
88	52.0
259	14.9
47	16.9
174	30.2
121	24.5
18	33.8
146	33.8
214	52.2
93	50.2
166	34.9
125	36.9
336	35.5
226	34.3
74	65.2
309	+2.9
18
Rk	Team	Conf	G	Rec	AdjOE	AdjDE	Barthag	Efg%	EfgD%	TOR	TORD	ORB	DRB	FTR	FTRD	2P%	2P%D	3P%	3P%D	3PR	3PRD	Adj T.	WAB
26	Nebraska
   8 seed, R64	B10	34	23-11
116.0
30	96.9
29	.8882
26	53.1
61	46.7
18	15.8
93	16.2
228	27.6
219	30.3
229	32.6
181	27.7
58	52.8
78	45.2
14	35.7
73	32.5
89	44.3
32	41.4
308	69.0
97	+2.0
27
27	Kentucky
   3 seed, R64	SEC	33	23-10
122.7
6	102.7
124	.8863
27	57.2
4	49.6
123	14.2
23	15.9
256	28.9
170	30.3
229	30.4
246	33.5
204	54.7
30	49.4
131	40.9
1	33.2
132	37.5
176	40.1
282	72.5
13	+2.8
19
28	San Diego St.
   5 seed, Sweet Sixteen	MWC	37	26-11
112.0
71	94.1
12	.8802
28	49.9
220	47.3
32	16.2
114	18.1
102	32.7
69	28.7
163	36.7
77	33.1
192	51.5
124	47.8
69	31.5
296	31.0
29	38.0
157	40.3
285	66.2
263	+2.2
26
29	New Mexico
   11 seed, R64	MWC	36	26-10
113.9
48	96.0
23	.8774
29	50.5
183	48.1
54	14.0
15	19.3
49	33.5
43	27.0
96	33.2
158	33.4
201	51.1
143	49.2
119	32.7
241	30.7
21	29.9
330	36.5
143	72.8
10	+1.5
33
30	Pittsburgh	ACC	33	22-11
116.7
27	98.8
53	.8712
30	51.6
121	49.0
87	13.4
7	16.6
196	31.0
105	23.8
12	30.5
244	30.5
123	50.0
192	50.8
193	35.7
73	30.8
23	44.4
31	38.6
236	65.9
272	+0.6
48
31	Villanova	BE	34	18-16
110.4
91	93.8
10	.8674
31	50.6
174	48.3
60	14.7
39	16.2
228	24.9
298	24.3
15	26.8
333	26.0
28	50.5
164	47.6
58	33.8
181	32.8
109	48.0
11	45.3
355	63.7
347	-1.2
68
32	Texas Tech
   6 seed, R64	B12	34	23-11
116.9
25	99.3
62	.8669
32	52.6
74	49.2
99	16.5
143	17.0
164	30.2
121	30.3
229	34.2
136	27.2
45	51.6
120	49.8
147	35.9
61	32.2
75	41.4
74	38.6
236	66.5
245	+2.8
20
33	Texas A&M
   9 seed, R32	SEC	36	21-15
117.7
22	100.0
71	.8667
33	45.7
340	50.5
180	14.1
19	16.7
189	42.2
1	27.9
123	38.6
38	31.9
156	46.8
310	50.3
171	29.3
342	33.8
166	37.7
167	44.9
351	66.1
265	-0.06
55
34	Mississippi St.
   8 seed, R64	SEC	35	21-14
112.3
67	95.5
21	.8652
34	51.4
139	48.0
46	18.9
299	18.4
89	35.4
20	27.9
123	37.4
63	31.8
154	53.4
57	50.3
171	32.2
261	29.8
8	38.5
146	41.2
306	67.1
208	+0.6
50
35	Wake Forest	ACC	35	21-14
117.0
24	99.7
69	.8624
35	54.2
35	49.1
94	15.4
68	16.4
211	26.4
266	25.8
50	32.0
195	30.1
116	54.0
40	48.9
101	36.4
37	33.1
126	37.4
182	35.5
107	68.3
134	-1.0
66
36	Nevada
   10 seed, R64	MWC	34	26-8
115.0
37	98.1
38	.8617
36	53.2
58	48.4
67	15.2
61	17.4
139	27.3
233	26.9
89	45.0
6	34.2
226	52.5
89	49.1
113	36.4
37	31.6
50	33.7
273	41.0
296	66.9
223	+2.5
22
37	Northwestern
   9 seed, R32	B10	34	22-12
115.7
34	98.8
51	.8592
37	52.6
74	51.5
239	13.4
7	18.8
64	25.8
283	27.8
115	29.2
277	39.3
315	49.2
226	51.4
226	39.0
7	34.5
226	36.4
202	37.3
190	64.0
340	+1.1
39
38	Seton Hall	BE	37	25-12
113.1
57	96.9
30	.8558
38	50.4
188	49.2
99	18.4
278	17.9
115	35.2
22	29.1
184	30.9
233	25.6
22	50.4
170	49.0
108	33.6
194	33.0
116	31.2
314	42.5
331	66.6
243	+0.9
43
39	Washington St.
   7 seed, R32	P12	35	25-10
112.8
60	96.7
26	.8549
39	51.8
109	47.2
27	16.4
134	15.7
272	32.9
59	25.0
29	31.6
216	32.3
170	52.2
93	46.5
28	33.9
178	32.5
89	32.2
299	31.1
22	64.8
322	+1.8
29
40	Utah	P12	37	22-15
114.2
46	97.9
37	.8547
40	54.4
31	48.8
82	16.1
110	14.1
332	27.5
224	25.8
50	27.1
329	26.0
28	53.6
51	48.0
74	36.9
23	33.6
155	40.5
95	36.4
136	69.9
61	-1.2
70
41	Ohio St.	B10	36	22-14
115.0
36	98.7
46	.8536
41	50.9
156	48.7
80	15.5
73	15.9
256	31.4
96	28.5
148	33.6
151	29.9
111	50.5
164	47.0
44	34.4
152	34.6
233	34.7
251	33.7
54	66.2
262	-0.6
61
42	Indiana St.	MVC	39	32-7
119.6
16	102.7
125	.8524
42	59.8
1	49.9
142	16.2
114	15.5
279	23.6
326	23.3
6	33.1
162	25.9
26	62.4
1	48.8
97	38.1
11	34.7
241	49.5
5	34.0
65	70.7
39	+1.9
28
43	Colorado St.
   10 seed, R64	MWC	36	25-11
112.8
61	96.8
28	.8523
43	54.2
35	48.5
71	15.4
68	16.6
196	24.6
301	26.9
89	31.8
208	31.7
151	57.0
9	48.0
74	33.0
221	33.0
116	38.2
153	33.7
54	66.0
269	+1.1
40
44	Boise St.
   10 seed, R68	MWC	33	22-11
113.7
52	97.8
35	.8497
44	51.0
152	49.8
133	16.4
134	16.9
174	32.9
59	23.1
5	35.1
111	33.1
192	50.8
151	52.1
257	34.2
159	30.5
18	39.4
116	36.7
155	66.5
249	+0.7
47
45	Cincinnati	B12	37	22-15
111.3
78	95.7
22	.8495
45	50.3
195	47.7
41	17.3
196	17.3
146	36.2
15	25.3
35	27.6
315	29.1
87	50.8
151	46.3
27	33.0
221	33.6
155	36.7
198	34.8
84	67.4
189	-1.4
72
46	TCU
   9 seed, R64	B12	34	21-13
114.0
47	98.2
39	.8481
46	51.5
126	50.7
191	18.0
242	20.6
25	35.9
17	28.4
145	35.0
117	35.4
256	50.8
151	51.3
220	35.4
92	33.0
116	30.3
327	35.1
92	70.0
54	+0.9
44
47	Dayton
   7 seed, R32	A10	33	25-8
116.7
26	100.6
81	.8470
47	56.2
11	48.3
60	16.0
104	15.9
256	26.4
266	28.6
158	36.7
77	21.9
3	53.4
57	48.5
91	39.9
3	32.0
61	44.3
32	40.1
282	64.2
337	+2.3
24
48	N.C. State
   11 seed, Final Four	ACC	41	26-15
114.2
44	99.1
58	.8366
48	50.7
169	49.5
113	13.8
9	17.5
136	28.2
196	29.1
184	32.0
195	31.5
139	50.2
178	49.0
108	34.4
152	33.6
155	33.3
283	36.7
155	67.7
167	-0.42
59
49	Oklahoma	B12	32	20-12
113.1
58	98.4
42	.8318
49	53.1
61	47.4
36	18.1
249	16.5
206	30.1
125	26.2
61	37.7
58	31.1
134	53.9
43	48.9
101	34.5
144	29.9
9	38.5
146	35.7
114	67.2
198	+0.6
49
50	South Carolina
   6 seed, R64	SEC	34	26-8
115.0
38	100.1
75	.8309
50	50.9
156	48.4
67	15.5
73	14.9
307	32.8
65	27.9
123	31.8
208	31.6
146	50.9
148	47.3
50	33.9
178	33.9
174	41.1
84	31.3
24	63.2
351	+4.7
11
Rk	Team	Conf	G	Rec	AdjOE	AdjDE	Barthag	Efg%	EfgD%	TOR	TORD	ORB	DRB	FTR	FTRD	2P%	2P%D	3P%	3P%D	3PR	3PRD	Adj T.	WAB
51	Drake
   10 seed, R64	MVC	35	28-7
114.8
40	100.1
73	.8282
51	54.7
25	50.8
195	13.8
9	17.5
136	24.1
313	22.5
2	32.3
188	31.3
138	54.8
28	51.3
220	36.4
37	33.3
136	39.2
123	38.9
245	67.9
151	+1.6
31
52	Oregon
   11 seed, R32	P12	36	24-12
114.2
45	99.7
68	.8270
52	51.9
102	51.5
239	14.7
39	17.8
120	28.6
180	27.3
102	32.0
195	32.3
170	52.6
83	51.0
205	33.8
181	34.9
250	36.3
204	36.9
171	67.2
203	+1.3
37
53	Virginia Tech	ACC	34	19-15
115.8
33	101.3
96	.8230
53	53.8
46	51.0
206	16.2
114	16.9
174	25.0
297	26.2
61	33.0
165	30.2
117	54.8
28	51.1
212	34.8
132	33.8
166	41.6
70	33.9
60	67.9
153	-2.1
78
54	Iowa	B10	34	19-15
119.5
17	104.6
152	.8216
54	52.9
66	52.2
270	13.2
5	16.4
211	27.4
230	30.3
229	33.1
162	32.9
189	52.9
75	51.4
226	35.1
112	35.8
305	29.9
330	35.9
123	71.9
18	-0.7
62
55	Florida Atlantic
   8 seed, R64	Amer	34	25-9
116.7
28	102.5
120	.8162
55	54.7
25	49.6
123	16.2
114	16.4
211	33.5
43	29.3
194	34.8
125	27.3
47	56.0
17	49.2
119	35.1
112	33.6
155	39.1
127	36.2
130	68.1
142	+1.1
38
56	Providence	BE	35	21-14
108.7
120	95.5
19	.8161
56	51.5
126	47.5
38	17.5
205	17.0
164	27.0
246	27.8
115	31.8
208	27.7
58	53.7
49	45.5
15	32.5
247	34.3
210	44.3
32	34.1
68	67.7
171	+0.7
45
57	Butler	BE	33	18-15
112.6
64	98.9
54	.8160
57	51.9
102	50.0
147	15.4
68	16.0
247	26.3
269	29.0
178	26.7
334	22.3
5	51.5
124	50.9
199	35.0
121	32.4
83	38.0
157	37.5
195	68.5
119	-0.9
64
58	Utah St.
   8 seed, R32	MWC	35	28-7
114.9
39	101.3
95	.8091
58	54.0
43	49.8
133	15.5
73	16.4
211	27.8
214	26.6
72	39.0
33	30.6
126	56.7
10	52.8
290	32.5
247	29.7
5	33.6
275	36.5
143	68.8
107	+3.1
17
59	Washington	P12	32	17-15
114.7
41	101.3
97	.8063
59	53.5
50	50.1
155	15.9
95	15.8
264	27.1
243	28.9
174	32.1
191	33.1
192	53.8
46	49.9
152	35.4
92	33.7
162	36.8
191	34.8
84	71.2
30	-3.6
92
60	Bradley	MVC	35	23-12
111.6
77	98.8
52	.8014
60	55.1
18	47.6
40	18.1
249	18.3
92	28.1
202	28.2
138	27.5
319	35.1
251	54.9
27	46.5
28	37.0
22	33.0
116	41.6
70	38.3
218	66.3
254	-3.5
91
61	Xavier	BE	34	16-18
111.7
74	99.0
56	.7997
61	49.1
248	49.5
113	16.4
134	16.0
247	31.9
81	29.0
178	31.8
208	29.7
109	48.1
271	49.2
119	34.2
159	33.4
142	32.0
302	35.4
103	71.1
32	-2.0
76
62	Virginia
   10 seed, R68	ACC	34	23-11
104.1
207	92.3
6	.7988
62	48.6
262	46.6
17	13.0
4	19.4
45	25.6
288	28.1
132	25.3
347	25.8
23	46.2
322	47.2
48	35.8
69	30.5
18	32.6
294	39.6
260	60.2
362	+1.6
32
63	Grand Canyon
   12 seed, R32	WAC	35	30-5
111.2
80	98.8
50	.7954
63	51.4
139	45.8
9	17.8
226	19.8
38	34.1
31	30.2
225	46.7
3	34.1
224	52.1
102	44.5
9	33.5
198	32.1
66	36.1
211	34.2
72	68.3
132	+1.4
34
64	North Texas	Amer	34	19-15
110.6
88	98.8
49	.7857
64	50.8
162	48.0
46	17.7
216	19.5
44	34.0
35	32.0
314	28.8
286	38.6
303	47.1
296	46.8
36	37.7
13	33.5
147	39.1
127	36.1
128	61.6
360	-6.0
124
65	San Francisco	WCC	34	23-11
109.9
100	98.3
40	.7839
65	55.0
20	49.5
113	16.8
167	19.8
38	29.1
160	24.3
15	23.5
356	37.9
297	56.6
12	48.3
84	35.1
112	34.3
210	40.1
104	37.8
205	67.1
207	-2.4
79
66	UCF	B12	33	17-16
106.6
153	95.3
18	.7834
66	47.8
282	47.9
43	18.0
242	20.4
28	32.9
59	26.9
89	37.2
66	39.5
319	47.5
287	45.9
22	32.2
261	34.0
185	35.9
217	39.6
260	68.7
109	-3.0
86
67	SMU	Amer	33	20-13
112.1
69	100.4
79	.7805
67	51.0
152	47.2
27	16.5
143	18.7
70	38.3
5	31.3
290	28.8
286	34.0
221	50.4
170	46.6
31	34.7
139	32.1
66	35.6
225	36.9
171	67.6
175	-4.4
101
68	Maryland	B10	33	16-17
106.1
165	95.1
17	.7780
68	46.7
320	46.7
18	17.5
205	18.8
64	31.7
91	29.1
184	40.8
16	33.5
204	48.8
243	45.7
19	28.9
347	32.8
109	37.5
176	30.1
13	65.5
296	-4.5
102
69	Kansas St.	B12	34	19-15
107.9
136	96.8
27	.7771
69	50.2
203	46.8
21	21.2
346	16.0
247	32.4
73	30.5
245	38.3
42	33.1
192	51.9
107	46.8
36	31.8
279	31.2
33	41.2
79	36.7
155	67.5
179	-0.29
57
70	USC	P12	33	15-18
110.6
89	99.2
60	.7760
70	51.7
115	50.2
163	17.9
235	18.8
64	29.0
167	32.2
317	33.6
151	31.6
146	50.7
162	47.4
51	35.5
84	36.5
325	36.7
198	38.8
242	68.3
136	-5.2
115
71	Syracuse	ACC	32	20-12
112.3
66	100.8
86	.7759
71	51.3
142	52.8
298	15.9
95	20.1
33	24.1
313	31.8
307	34.1
138	26.6
31	51.9
107	53.2
303	33.4
201	34.7
241	33.7
273	37.0
177	70.9
36	+0.17
53
72	UNLV	MWC	34	21-13
112.2
68	100.9
87	.7712
72	51.7
115	50.0
147	16.2
114	17.7
126	29.6
147	31.4
295	33.2
158	29.6
103	52.3
91	50.9
199	33.7
189	32.5
89	34.6
254	39.3
251	65.4
302	-2.8
82
73	Georgia	SEC	37	20-17
109.7
103	98.7
47	.7709
73	49.8
222	49.8
133	16.1
110	16.1
241	27.1
243	30.5
245	36.6
81	29.3
90	49.0
237	49.8
147	34.0
172	33.1
126	40.2
102	37.2
183	68.8
102	-3.9
94
74	James Madison
   12 seed, R32	SB	36	32-4
111.8
73	100.7
84	.7697
74	53.9
44	47.2
27	14.9
47	19.7
41	31.8
86	27.7
111	34.9
122	35.1
251	53.8
46	48.6
92	36.0
56	29.7
5	37.8
163	35.5
107	69.9
63	+1.4
36
75	Penn St.	B10	33	16-17
110.2
93	99.6
67	.7629
75	50.3
195	50.2
163	15.7
84	20.7
23	26.8
256	32.2
317	35.3
106	36.3
276	50.5
164	52.5
282	33.4
201	30.3
14	39.2
123	32.8
41	69.9
60	-5.0
110
Rk	Team	Conf	G	Rec	AdjOE	AdjDE	Barthag	Efg%	EfgD%	TOR	TORD	ORB	DRB	FTR	FTRD	2P%	2P%D	3P%	3P%D	3PR	3PRD	Adj T.	WAB
76	Boston College	ACC	36	20-16
112.9
59	102.1
110	.7603
76	52.5
78	50.5
180	15.3
64	15.7
272	27.3
233	26.3
64	25.0
349	28.1
66	51.4
130	49.6
143	36.2
43	34.6
233	38.3
152	37.8
205	67.0
212	-3.4
89
77	Minnesota	B10	34	19-15
113.8
49	103.1
131	.7567
77	54.1
41	50.4
170	17.7
216	16.0
247	30.7
108	28.8
168	34.7
127	29.6
103	54.6
33	48.9
101	35.5
84	35.9
312	39.1
127	30.5
17	66.6
240	-2.9
84
78	Duquesne
   11 seed, R32	A10	37	25-12
107.0
147	97.0
31	.7549
78	50.0
215	48.5
71	17.4
203	19.2
52	29.8
139	30.3
229	32.5
184	35.0
249	49.4
217	49.0
108	33.9
178	31.8
53	39.1
127	37.4
193	66.1
264	-2.1
77
79	Mississippi	SEC	32	20-12
113.6
54	103.0
130	.7542
79	51.2
144	50.2
163	15.7
84	18.1
102	30.1
125	36.2
359	35.1
111	32.3
170	49.2
226	50.0
154	36.6
33	33.8
166	35.1
237	37.0
177	66.9
224	-0.5
60
80	Richmond	A10	33	23-10
107.0
146	97.4
33	.7472
80	52.7
70	46.9
24	12.8
2	17.1
161	17.3
362	26.6
72	27.6
315	26.6
31	51.8
112	46.8
36	36.2
43	31.4
41	35.4
228	40.7
288	66.7
230	-0.9
65
81	Florida St.	ACC	33	17-16
110.7
85	100.8
85	.7470
81	50.3
195	52.2
270	16.4
134	20.7
23	28.5
185	32.8
328	36.8
73	41.0
331	51.5
124	51.6
234	31.7
288	35.4
280	31.6
307	38.2
213	71.0
33	-3.2
87
82	VCU	A10	38	24-14
108.0
131	98.4
41	.7456
82	51.8
109	46.8
21	18.2
263	16.7
189	27.8
214	26.9
89	35.0
117	34.1
224	50.9
148	46.7
35	35.3
98	31.3
38	44.2
35	38.9
245	65.5
299	-4.1
96
83	Indiana	B10	33	19-14
110.0
98	100.2
76	.7455
83	52.1
91	49.0
87	17.5
205	14.9
307	26.9
255	29.7
212	37.7
58	31.6
146	53.4
57	47.4
51	32.4
253	34.3
210	27.8
351	41.2
306	68.6
118	-0.41
58
84	South Florida	Amer	33	25-8
110.5
90	101.0
90	.7377
84	51.8
109	47.9
43	15.6
80	18.5
79	28.2
196	30.5
245	37.8
55	34.6
235	49.5
213	48.2
80	36.7
31	31.5
44	42.3
53	37.9
208	68.0
147	-0.8
63
85	Miami FL	ACC	32	15-17
110.7
87	101.2
94	.7362
85	52.7
70	51.0
206	17.2
192	16.6
196	28.7
177	28.5
148	24.6
353	22.3
5	51.6
120	52.0
250	36.1
51	33.3
136	40.4
98	46.1
358	68.8
105	-5.1
111
86	LSU	SEC	33	17-16
110.8
83	101.4
98	.7356
86	52.3
83	49.7
127	18.6
286	18.2
97	30.7
108	31.4
295	38.3
42	33.7
210	51.5
124	49.4
131	35.7
73	33.5
147	37.6
172	41.4
308	70.0
58	-3.2
88
87	McNeese St.
   12 seed, R64	Slnd	34	30-4
111.0
82	101.6
99	.7334
87	54.2
35	48.3
60	14.0
15	22.9
6	31.9
81	30.6
253	40.1
24	33.7
210	52.2
93	46.6
31	38.7
9	33.4
142	33.5
278	47.6
362	65.5
295	+0.6
51
88	UCLA	P12	33	16-17
108.0
133	99.0
55	.7317
88	46.6
324	50.1
155	16.5
143	18.1
102	29.9
134	28.3
142	35.8
96	35.8
262	45.2
341	49.7
144	33.3
206	33.7
162	30.1
328	42.2
322	63.2
352	-5.3
116
89	Samford
   13 seed, R64	SC	35	29-6
112.5
65	103.1
132	.7312
89	56.8
8	50.5
180	17.8
226	21.7
15	30.1
125	31.9
310	36.2
88	37.3
289	55.0
24	50.3
171	39.5
4	33.8
166	41.2
79	39.8
272	72.8
11	+0.03
54
90	Memphis	Amer	32	22-10
111.9
72	102.7
126	.7281
90	52.8
67	50.0
147	18.0
242	19.1
56	33.4
45	33.6
339	36.3
84	29.6
103	52.9
75	49.3
124	35.0
121	34.0
185	38.9
133	42.7
334	71.7
20	-1.1
67
91	Loyola Chicago	A10	33	23-10
104.7
190	96.2
24	.7254
91	51.5
126	46.4
13	18.6
286	17.8
120	27.5
224	25.2
34	33.4
157	36.5
278	51.0
145	43.8
5	34.9
125	34.1
195	40.5
95	35.9
123	68.7
110	-1.6
73
92	UC Irvine	BW	34	24-10
108.8
113	100.1
74	.7232
92	51.8
109	46.4
13	16.7
159	17.4
139	31.4
96	27.4
105	34.0
139	35.2
254	51.6
120	44.6
10	34.9
125	33.8
166	27.7
352	30.4
15	68.5
120	-2.9
83
93	Yale
   13 seed, R32	Ivy	33	23-10
109.9
99	101.1
92	.7227
93	52.1
91	50.4
170	14.3
27	16.2
228	27.8
214	24.2
13	27.8
310	29.4
94	51.9
107	49.4
131	35.0
121	34.5
226	35.4
228	41.5
310	64.9
318	-2.7
80
94	Louisiana Tech	CUSA	32	22-10
108.1
128	99.5
64	.7222
94	50.6
174	45.6
8	18.8
293	17.6
132	33.8
38	28.0
130	42.0
11	32.0
161	49.0
237	43.0
2	35.7
73	33.5
147	34.6
254	36.4
136	65.8
286	-4.4
100
95	Saint Joseph's	A10	35	21-14
110.4
92	101.7
100	.7214
95	53.0
64	49.0
87	16.5
143	17.6
132	29.1
160	29.1
184	28.7
291	28.7
81	53.0
72	48.6
92	35.2
105	33.0
116	47.8
12	42.5
331	68.4
124	-4.7
104
96	Massachusetts	A10	31	20-11
111.2
81	102.4
119	.7204
96	50.6
174	48.5
71	16.0
104	18.9
61	36.5
13	30.1
222	35.8
96	38.6
303	52.6
83	47.5
57	31.3
302	33.5
147	35.1
237	38.4
224	68.4
128	-4.8
107
97	Princeton	Ivy	29	24-5
114.7
42	105.7
181	.7190
97	54.6
28	52.0
259	12.0
1	16.9
174	23.9
318	24.7
22	28.3
301	25.1
17	56.5
14	53.5
312	35.2
105	33.2
132	50.5
2	39.1
248	65.3
308	+1.0
42
98	George Mason	A10	32	20-12
109.0
111	100.7
83	.7135
98	52.0
97	48.0
46	18.1
249	16.4
211	31.7
91	27.4
105	36.7
77	31.8
154	52.3
91	45.0
11	34.3
156	34.8
245	37.5
176	41.6
311	63.9
343	-4.8
105
99	Charleston
   13 seed, R64	CAA	35	27-8
113.8
50	105.5
178	.7045
99	52.2
88	51.2
216	14.3
27	16.2
228	33.7
40	26.4
67	27.2
326	29.3
90	52.5
89	50.8
193	34.7
139	34.5
226	46.9
17	36.9
171	70.3
51	-1.7
75
100	Appalachian St.	SB	34	27-7
106.6
151	99.3
61	.6940
100	52.7
70	45.4
6	15.2
61	14.5
316	29.4
150	27.8
115	31.6
216	20.7
2	53.9
43	44.0
7	33.2
209	32.1
66	31.5
308	32.6
38	67.0
218	-1.2
69
Rk	Team	Conf	G	Rec	AdjOE	AdjDE	Barthag	Efg%	EfgD%	TOR	TORD	ORB	DRB	FTR	FTRD	2P%	2P%D	3P%	3P%D	3PR	3PRD	Adj T.	WAB
101	Belmont	MVC	33	20-13
109.5
104	102.2
116	.6890
101	55.0
20	51.1
209	16.7
159	16.4
211	21.0
354	27.5
108	30.3
251	27.0
41	54.5
35	52.2
262	37.2
20	33.0
116	41.9
64	39.8
272	71.3
28	-5.3
117
102	Stanford	P12	32	14-18
110.0
97	102.8
127	.6849
102	54.3
33	51.9
255	17.8
226	15.5
279	23.2
332	27.3
102	28.6
292	25.3
20	53.6
51	50.9
199	36.9
23	35.7
296	41.1
84	37.6
201	69.7
71	-7.1
141
103	Arkansas	SEC	33	16-17
110.0
96	102.9
128	.6839
103	50.5
183	50.4
170	16.3
124	15.1
299	25.2
293	29.8
216	45.3
5	39.0
310	51.8
112	50.1
163	31.8
279	33.9
174	32.9
292	34.1
68	70.7
38	-4.9
109
104	St. Bonaventure	A10	33	20-13
111.2
79	104.2
147	.6804
104	52.3
83	51.1
209	16.2
114	19.2
52	29.7
145	28.5
148	32.2
189	33.9
218	50.8
151	51.8
242	36.5
35	33.5
147	36.7
198	40.7
288	65.5
294	-5.1
112
105	Rutgers	B10	32	15-17
98.3
300	92.1
5	.6801
105	43.5
357	47.2
27	16.6
152	21.7
15	30.2
121	31.3
290	32.9
170	34.3
228	43.7
354	46.0
23	28.7
349	32.7
102	31.7
305	39.4
253	67.9
152	-3.9
93
106	Northern Iowa	MVC	33	19-14
109.3
106	102.5
123	.6765
106	51.6
121	52.2
270	15.2
61	16.5
206	23.9
318	22.5
2	37.4
63	30.5
123	51.9
107	52.0
250	34.1
164	35.0
254	36.8
191	41.1
301	66.6
241	-5.1
114
107	Charlotte	Amer	31	19-12
108.7
119	102.1
111	.6713
107	50.8
162	48.5
71	15.5
73	15.2
294	26.1
273	29.0
178	35.2
108	31.5
139	53.2
68	49.5
136	31.3
302	31.1
31	38.2
153	36.6
148	62.6
356	-5.1
113
108	UAB
   12 seed, R64	Amer	35	23-12
113.2
56	106.6
195	.6668
108	50.0
215	51.0
206	16.8
167	16.2
228	35.4
20	31.3
290	40.6
18	31.5
139	50.1
189	50.2
166	33.1
218	34.8
245	31.5
308	36.6
148	67.7
165	-2.8
81
109	Hofstra	CAA	33	20-13
108.4
123	102.1
109	.6665
109	55.4
15	49.0
87	15.7
84	17.7
126	22.9
339	29.7
212	22.3
360	29.0
85	55.5
20	46.9
42	36.8
25	34.6
233	46.1
20	42.4
327	65.7
287	-6.5
132
110	Oklahoma St.	B12	32	12-20
108.8
116	102.5
122	.6650
110	51.3
142	51.3
221	18.8
293	16.8
185	27.5
224	28.5
148	34.0
139	27.6
56	52.2
93	51.5
230	33.4
201	34.0
185	43.2
43	32.9
43	67.2
201	-8.2
162
111	Cornell	Ivy	30	22-8
112.0
70	105.8
183	.6593
111	56.5
9	51.3
221	17.0
181	18.3
92	26.8
256	31.7
305	28.0
304	32.5
178	61.7
2	52.0
250	34.0
172	33.6
155	48.7
7	41.8
315	71.6
21	-1.7
74
112	Western Carolina	SC	32	22-10
108.1
130	102.2
112	.6570
112	51.7
115	47.2
27	14.7
39	13.3
347	29.1
160	24.2
13	27.7
313	32.4
176	49.8
205	45.5
15	36.8
25	33.9
174	35.5
226	31.8
32	66.9
219	-5.4
118
113	Vermont
   13 seed, R64	AE	35	28-7
104.3
199	98.7
48	.6522
113	51.6
121	46.8
21	13.9
14	15.1
299	22.3
346	23.5
8	29.2
277	26.8
37	52.9
75	46.5
28	33.3
206	31.5
44	43.9
37	36.5
143	63.3
350	-1.4
71
114	UT Arlington	WAC	34	20-14
109.3
107	103.5
139	.6509
114	52.1
91	49.0
87	21.5
354	18.6
73	32.8
65	29.4
198	39.0
33	42.0
338	51.3
134	47.4
51	35.4
92	34.6
233	42.8
46	35.5
107	70.9
35	-6.3
129
115	Seattle	WAC	37	23-14
104.5
196	99.3
63	.6405
115	50.7
169	46.3
11	18.4
278	17.4
139	29.9
134	25.6
46	34.6
131	35.8
262	50.1
189	47.7
61	34.5
144	29.1
2	37.8
163	33.9
60	66.8
226	-8.2
164
116	Southern Illinois	MVC	32	19-13
108.8
114	103.6
140	.6381
116	52.5
78	50.1
155	16.8
167	16.2
228	26.1
273	25.6
46	35.9
94	36.5
278	53.4
57	52.1
257	34.3
156	30.4
15	43.8
38	30.5
17	64.3
335	-6.4
130
117	Santa Clara	WCC	33	20-13
108.7
118	103.5
138	.6373
117	52.3
83	48.4
67	18.2
263	14.4
321	34.1
31	26.1
57	31.6
216	33.3
198	52.6
83	48.9
101	34.5
144	31.7
51	38.5
146	37.0
177	69.2
86	-4.0
95
118	Michigan	B10	32	8-24
110.2
94	105.0
162	.6369
118	51.1
147	52.5
285	18.6
286	13.7
341	30.7
108	30.4
238	32.0
195	30.5
123	49.5
213	51.7
237	35.9
61	36.1
319	38.0
157	32.6
38	67.5
180	-9.6
194
119	California	P12	32	13-19
108.0
132	103.2
133	.6286
119	49.2
246	51.3
221	16.2
114	14.7
314	28.6
180	26.7
78	29.2
277	33.1
192	48.0
274	50.0
154	33.8
181	35.7
296	42.0
60	36.2
130	68.5
121	-7.6
148
120	Davidson	A10	32	15-17
105.1
184	100.4
78	.6279
120	48.9
254	49.4
111	16.3
124	17.2
154	26.1
273	27.8
115	33.5
154	32.8
186	50.8
151	49.5
136	30.7
323	32.8
109	40.0
105	42.0
317	65.6
292	-8.9
174
121	Georgia Tech	ACC	32	14-18
108.6
121	103.8
143	.6262
121	48.7
258	49.2
99	17.7
216	12.8
356	31.6
94	28.5
148	29.2
277	31.6
146	48.6
254	49.5
136	32.6
245	32.6
96	40.5
95	39.4
253	67.6
177	-5.5
120
122	Troy	SB	32	20-12
106.9
149	102.3
118	.6232
122	50.1
210	49.8
133	19.6
325	20.8
22	34.8
27	30.7
261	41.3
13	39.8
323	48.2
267	47.7
61	35.3
98	35.9
312	40.0
105	33.7
54	69.7
66	-7.5
146
123	High Point	BSth	36	27-9
114.5
43	109.7
258	.6209
123	52.3
83	50.1
155	15.9
95	13.9
337	36.8
10	26.1
57	43.2
7	37.4
290	54.0
40	49.3
124	33.0
221	34.5
226	39.4
116	31.6
26	68.6
112	-4.3
99
124	Notre Dame	ACC	33	13-20
102.6
223	98.5
43	.6171
124	47.6
288	48.2
56	19.1
310	15.2
294	28.4
189	26.7
78	27.9
309	27.4
52	47.5
287	47.8
69	31.8
279	32.5
89	43.3
42	36.8
166	64.4
334	-7.6
147
125	Oakland
   14 seed, R32	Horz	36	24-12
108.9
112	104.6
150	.6132
125	51.9
102	50.6
187	15.9
95	16.2
228	30.4
118	28.8
168	30.8
236	26.9
38	51.0
145	50.5
176	35.5
84	33.9
174	41.4
74	40.9
294	66.6
242	-4.3
98
Rk	Team	Conf	G	Rec	AdjOE	AdjDE	Barthag	Efg%	EfgD%	TOR	TORD	ORB	DRB	FTR	FTRD	2P%	2P%D	3P%	3P%D	3PR	3PRD	Adj T.	WAB
126	UNC Wilmington	CAA	31	21-10
112.8
62	108.4
235	.6109
126	51.1
147	51.7
249	12.8
2	17.1
161	29.9
134	30.6
253	32.9
170	33.1
192	52.1
102	50.8
193	33.0
221	35.5
284	39.7
113	36.7
155	65.2
311	-4.8
106
127	Arizona St.	P12	32	14-18
103.3
218	99.5
65	.6067
127	47.3
295	51.7
249	14.8
43	19.4
45	21.8
351	29.7
212	33.1
162	31.2
136	48.6
254	52.2
262	30.1
327	34.0
185	37.7
167	39.2
250	69.1
87	-5.9
123
128	Sam Houston St.	CUSA	33	21-12
106.0
168	102.2
113	.6036
128	48.6
262	49.8
133	18.8
293	19.0
58	32.0
77	27.0
96	34.7
127	37.0
285	46.5
317	50.5
176	35.1
112	32.5
89	35.0
243	39.3
251	67.8
160	-5.8
122
129	Drexel	CAA	32	20-12
107.2
144	103.4
136	.6019
129	50.6
174	47.8
42	16.5
143	13.1
352	33.6
42	24.5
18	30.0
257	26.7
33	50.3
175	48.2
80	34.1
164	31.4
41	33.2
287	35.4
103	64.6
331	-6.7
135
130	Western Kentucky
   15 seed, R64	CUSA	34	22-12
105.5
173	101.8
103	.6012
130	51.7
115	48.6
78	18.4
278	18.4
89	28.7
177	26.7
78	32.1
191	33.0
190	51.8
112	48.6
92	34.3
156	32.4
83	31.1
317	40.5
286	75.1
1	-6.6
134
131	Morehead St.
   14 seed, R64	OVC	35	26-9
107.5
138	103.9
145	.5968
131	54.2
35	46.4
13	18.2
263	15.4
284	31.9
81	26.5
70	30.6
242	32.3
170	55.1
22	45.8
20	35.3
98	31.8
53	45.2
24	31.6
26	64.3
336	-3.5
90
132	Missouri	SEC	32	8-24
108.4
124	105.0
163	.5917
132	50.2
203	51.4
234	16.8
167	18.7
70	26.8
256	35.8
358	31.7
213	42.5
340	51.8
112	51.2
216	31.9
277	34.4
221	39.7
113	39.8
272	66.7
234	-11.4
232
133	West Virginia	B12	32	9-23
108.8
115	105.4
175	.5907
133	49.6
232	52.1
269	18.3
271	15.0
305	26.6
259	30.4
238	37.1
68	28.1
66	47.8
280	51.9
246	34.9
125	34.9
250	37.4
182	43.0
339	68.4
126	-10.1
203
134	Wichita St.	Amer	34	15-19
104.9
186	101.7
101	.5896
134	49.8
222	48.5
71	17.8
226	14.8
310	31.8
86	28.7
163	26.4
338	28.3
70	49.9
197	48.1
78	33.0
221	32.7
102	31.5
308	37.8
205	68.2
139	-11.3
228
135	Arkansas St.	SB	37	20-17
112.8
63	109.3
246	.5896
135	51.5
126	50.5
180	15.9
95	14.2
326	34.5
29	28.8
168	32.9
170	34.8
241	51.4
130	49.7
144	34.4
152	35.2
266	42.8
46	26.9
3	68.1
143	-9.0
176
136	Tarleton St.	WAC	35	25-10
108.5
122	105.2
168	.5884
136	50.0
215	50.4
170	16.6
152	20.0
36	30.1
125	32.7
325	30.4
246	34.0
221	50.0
192	50.4
174	33.3
206	33.5
147	30.4
325	36.3
134	66.6
239	-2.9
85
137	Akron
   14 seed, R64	MAC	35	24-11
105.2
178	102.0
105	.5880
137	51.7
115	49.1
94	16.9
174	16.7
189	29.2
157	25.6
46	32.7
178	29.4
94	54.7
30	50.8
193	31.7
288	30.7
21	41.6
70	36.8
166	65.8
283	-4.6
103
138	South Dakota St.
   15 seed, R64	Sum	35	22-13
108.2
127	105.2
170	.5815
138	55.2
17	51.3
221	16.6
152	16.4
211	24.4
303	25.1
32	30.1
256	27.0
41	55.6
19	49.5
136	36.4
37	35.5
284	40.4
98	46.9
361	67.9
150	-7.6
150
139	UC San Diego	BW	33	21-12
110.8
84	107.8
221	.5777
139	52.3
83	50.4
170	14.4
31	16.9
174	27.8
214	27.8
115	32.4
187	29.5
98	52.2
93	50.4
174	34.9
125	33.6
155	41.7
66	35.7
114	65.4
300	-6.3
128
140	Youngstown St.	Horz	32	22-10
107.1
145	104.5
149	.5681
140	50.4
188	49.0
87	15.5
73	16.5
206	33.9
36	28.7
163	29.3
272	30.7
129	52.2
93	47.9
71	31.9
277	34.0
185	42.2
54	35.7
114	69.0
96	-6.0
126
141	UNC Greensboro	SC	32	21-11
109.0
109	106.7
198	.5622
141	53.2
58	49.5
113	16.3
124	17.7
126	29.3
155	30.5
245	27.3
324	35.8
262	49.2
226	48.0
74	38.9
8	34.3
210	44.0
36	44.2
347	64.8
321	-5.6
121
142	Missouri St.	MVC	33	17-16
104.1
209	102.0
106	.5575
142	49.7
229	48.0
46	17.3
196	13.1
352	29.1
160	24.7
22	31.5
220	24.9
16	51.2
138	47.0
44	31.4
299	33.0
116	36.8
191	38.8
242	67.9
155	-8.0
158
143	Ohio	MAC	33	20-13
107.9
135	105.9
185	.5553
143	52.2
88	49.2
99	14.1
19	19.2
52	28.0
204	31.9
310	32.1
191	34.7
238	51.9
107	48.4
87	35.1
112	33.8
166	41.4
74	37.1
180	67.4
188	-9.2
183
144	St. Thomas	Sum	33	20-13
106.9
148	104.9
159	.5540
144	54.4
31	52.0
259	14.8
43	18.5
79	24.0
316	25.5
40	29.4
269	29.0
85	55.0
24	52.8
290	35.7
73	33.8
166	46.0
21	39.6
260	63.0
354	-9.2
182
145	Toledo	MAC	32	20-12
111.7
75	109.6
253	.5540
145	53.3
53	54.5
345	15.1
56	18.5
79	29.0
167	28.5
148	35.4
102	26.3
30	52.0
105	56.4
359	37.7
13	34.2
204	28.6
345	37.2
183	69.4
76	-6.5
131
146	Wright St.	Horz	32	18-14
115.8
32	113.7
339	.5530
146	58.5
2	55.3
354	16.5
143	16.3
224	28.9
170	28.1
132	33.6
151	30.0
114	58.8
5	55.0
344	38.4
10	37.1
344	29.3
338	37.7
203	71.5
24	-9.4
185
147	Towson	CAA	34	20-14
102.4
224	100.6
80	.5527
147	47.3
295	48.3
60	19.2
314	16.9
174	39.8
2	27.2
100	34.7
127	31.7
151	46.4
319	47.4
51	32.8
235	33.3
136	34.1
266	36.9
171	62.2
358	-7.4
144
148	Liberty	CUSA	32	18-14
108.4
125	106.5
194	.5508
148	54.3
33	50.8
195	16.2
114	17.0
164	24.5
302	25.5
40	26.7
334	30.3
120	55.0
24	51.9
246	35.7
73	32.3
78	46.8
18	32.6
38	64.5
333	-8.3
167
149	Louisiana	SB	33	19-14
105.1
183	103.2
134	.5507
149	50.7
169	49.9
142	16.8
167	20.6
25	30.8
107	32.9
331	28.6
292	40.1
325	51.7
117	53.7
315	32.6
245	27.9
1	36.2
209	32.1
35	68.6
111	-8.7
171
150	Tulane	Amer	31	14-17
109.4
105	107.5
217	.5497
150	54.1
41	51.1
209	15.1
56	17.3
146	20.5
357	32.7
325	45.5
4	32.7
183	54.5
35	50.2
166	35.5
84	34.9
250	35.7
222	42.0
317	72.9
8	-9.6
193
Rk	Team	Conf	G	Rec	AdjOE	AdjDE	Barthag	Efg%	EfgD%	TOR	TORD	ORB	DRB	FTR	FTRD	2P%	2P%D	3P%	3P%D	3PR	3PRD	Adj T.	WAB
151	Oregon St.	P12	32	13-19
106.4
155	104.7
153	.5464
151	49.8
222	51.3
221	18.3
271	16.8
185	26.2
272	31.1
279	35.6
99	35.9
265	49.9
197	52.3
269	33.1
218	33.2
132	34.0
270	37.9
208	65.2
312	-7.8
154
152	Furman	SC	33	17-16
109.0
110	107.6
218	.5363
152	52.1
91	52.9
305	15.9
95	16.2
228	29.4
150	26.6
72	31.0
230	28.5
76	54.3
39	53.9
322	33.2
209	34.1
195	48.2
9	35.0
90	68.9
98	-10.3
209
153	Wyoming	MWC	32	15-17
108.1
129	107.0
205	.5300
153	50.9
156	52.8
298	18.5
283	15.9
256	28.6
180	29.1
184	38.0
51	27.8
61	49.0
237	53.7
315	36.1
51	34.4
221	37.0
188	40.0
278	67.2
199	-7.6
149
154	Chattanooga	SC	33	21-12
109.7
102	108.6
240	.5284
154	54.8
23	49.9
142	17.1
184	14.5
316	27.2
240	28.8
168	30.9
233	27.3
47	56.1
16	47.9
71	35.7
73	35.1
262	50.5
2	42.0
317	66.9
220	-6.9
137
155	Murray St.	MVC	32	12-20
107.3
140	106.4
189	.5257
155	50.0
215	54.5
345	14.4
31	17.9
115	26.5
262	25.5
40	29.6
266	27.7
58	51.3
134	53.8
319	31.6
292	37.0
340	35.3
231	42.8
335	64.5
332	-12.4
258
156	Delaware	CAA	33	19-14
104.5
194	103.9
144	.5177
156	51.9
102	48.7
80	16.0
104	15.1
299	27.5
224	27.9
123	30.9
233	27.1
43	53.2
68	49.7
144	33.0
221	31.3
38	35.7
222	36.4
136	67.4
185	-9.2
181
157	UTEP	CUSA	34	18-16
98.3
301	97.8
36	.5127
157	48.1
275	51.5
239	21.2
346	25.9
1	29.0
167	31.0
273	42.8
8	46.3
355	48.8
243	53.2
303	31.0
316	32.1
66	31.3
312	33.9
60	69.7
70	-10.6
214
158	Stony Brook	CAA	35	20-15
106.4
157	106.1
187	.5084
158	50.3
195	50.0
147	15.1
56	15.2
294	26.6
259	29.3
194	29.2
277	27.4
52	48.6
254	48.4
87	35.5
84	34.8
245	36.8
191	42.3
325	67.5
182	-8.0
156
159	UC Davis	BW	33	20-13
102.4
228	102.1
107	.5075
159	50.2
203	49.1
94	19.3
318	20.9
21	28.6
180	30.6
253	38.2
46	38.4
301	50.8
151	49.1
113	32.9
229	32.7
102	37.4
182	33.1
47	67.2
200	-8.5
169
160	Weber St.	BSky	32	20-12
107.4
139	107.3
216	.5037
160	53.1
61	54.4
341	14.8
43	18.4
89	23.8
322	23.7
10	35.2
108	29.3
90	53.9
43	55.2
348	34.5
144	35.4
280	38.7
138	36.7
155	65.5
298	-7.4
143
161	Montana	BSky	36	24-12
110.1
95	110.1
271	.4995
161	54.7
25	50.7
191	15.1
56	14.0
334	25.3
292	26.8
83	28.8
286	34.4
231	55.2
21	50.5
176	35.9
61	34.2
204	37.6
172	31.8
32	66.1
266	-6.0
125
162	Colgate
   14 seed, R64	Pat	35	25-10
102.9
221	102.9
129	.4985
162	53.3
53	47.9
43	16.2
114	16.2
228	25.1
296	24.8
26	27.5
319	24.5
13	53.4
57	49.1
113	35.5
84	30.8
23	38.1
155	40.0
278	66.3
259	-4.2
97
163	Winthrop	BSth	32	17-15
106.3
160	106.4
192	.4956
163	51.9
102	49.5
113	18.7
292	18.2
97	30.4
118	32.9
331	50.0
1	34.3
228	52.8
78	50.6
180	33.7
189	32.0
61	39.4
116	41.1
301	67.0
215	-9.5
189
164	Quinnipiac	MAAC	34	24-10
105.1
180	105.3
173	.4956
164	50.3
195	48.9
85	17.1
184	17.7
126	31.6
94	28.1
132	30.4
246	28.9
84	49.6
209	47.7
61	34.5
144	33.9
174	34.2
264	36.7
155	71.2
31	-5.5
119
165	East Carolina	Amer	33	15-18
105.1
181	105.5
176	.4903
165	47.6
288	51.3
221	16.3
124	18.7
70	32.7
69	31.0
273	34.0
139	32.7
183	48.1
271	52.5
282	31.2
307	33.1
126	36.5
201	43.3
343	64.9
317	-10.9
219
166	Purdue Fort Wayne	Horz	36	23-13
103.6
215	104.0
146	.4903
166	53.5
50	51.6
245	14.7
39	21.7
15	23.0
337	29.2
192	29.8
262	32.8
186	53.1
70	53.1
302	36.0
56	32.7
102	42.6
49	36.4
136	70.8
37	-7.8
153
167	Eastern Washington	BSky	32	21-11
110.7
86	111.2
293	.4889
167	57.2
4	52.8
298	19.0
304	16.3
224	26.4
266	27.1
98	39.6
28	33.5
204	58.7
6	51.0
205	36.8
25	36.9
336	42.0
60	41.8
315	70.6
43	-4.9
108
168	UMass Lowell	AE	32	22-10
105.2
177	105.7
182	.4852
168	50.4
188	47.3
32	18.2
263	15.5
279	32.1
76	26.9
89	40.1
24	26.9
38	51.3
134	49.1
113	32.3
256	29.2
3	29.2
340	33.7
54	69.8
65	-6.1
127
169	Kent St.	MAC	34	17-17
105.4
175	106.0
186	.4838
169	50.7
169	51.3
221	17.2
192	18.5
79	31.0
105	28.7
163	31.9
202	34.9
246	48.5
259	52.6
286	36.0
56	33.0
116	39.2
123	39.7
268	66.7
236	-11.6
236
170	Bryant	AE	33	20-13
100.2
266	101.0
89	.4774
170	50.7
169	45.4
6	15.8
93	16.7
189	20.4
359	30.2
225	29.9
260	33.8
214	51.7
117	45.0
11	32.7
241	30.8
23	37.7
167	35.1
92	74.3
3	-7.3
142
171	UNC Asheville	BSth	34	22-12
106.2
161	107.1
208	.4771
171	52.1
91	50.1
155	17.1
184	16.9
174	27.3
233	31.4
295	40.8
16	34.3
228	50.5
164	50.6
180	36.4
37	32.9
113	37.3
185	35.8
119	68.3
135	-6.8
136
172	Utah Valley	WAC	32	16-16
98.7
292	99.6
66	.4765
172	47.1
304	48.0
46	18.1
249	18.1
102	28.5
185	27.2
100	35.4
102	36.0
270	48.9
240	47.6
58	28.5
352	32.6
96	28.9
343	34.6
80	67.8
164	-9.6
195
173	Georgetown	BE	32	9-23
109.8
101	110.8
283	.4759
173	48.6
262	55.7
358	17.9
235	16.4
211	33.4
45	30.7
261	33.9
144	33.6
208	46.3
320	57.4
360	34.6
142	35.3
275	41.0
87	38.2
213	66.7
235	-10.4
210
174	La Salle	A10	33	16-17
106.0
166	107.0
206	.4738
174	49.2
246	50.7
191	14.2
23	15.4
284	27.0
246	30.8
266	24.8
351	33.3
198	47.6
285	49.3
124	34.5
144	35.8
305	39.8
111	32.8
41	66.8
228	-9.8
198
175	Hawaii	BW	34	20-14
104.2
202	105.2
169	.4736
175	52.6
74	48.5
71	18.6
286	15.7
272	25.8
283	25.3
35	39.0
33	33.6
208	53.8
46	49.3
124	34.0
172	30.8
23	42.4
52	25.4
1	66.0
270	-9.4
188
Rk	Team	Conf	G	Rec	AdjOE	AdjDE	Barthag	Efg%	EfgD%	TOR	TORD	ORB	DRB	FTR	FTRD	2P%	2P%D	3P%	3P%D	3PR	3PRD	Adj T.	WAB
176	Saint Louis	A10	33	13-20
111.6
76	112.8
330	.4690
176	51.5
126	54.3
340	16.8
167	14.2
326	26.1
273	28.5
148	36.3
84	35.3
255	49.6
209	53.9
322	36.4
37	36.6
328	37.8
163	42.4
327	69.5
73	-11.1
220
177	Little Rock	OVC	34	21-13
106.0
167	107.1
213	.4683
177	52.6
74	48.2
56	17.5
205	17.8
120	31.9
81	30.0
220	32.8
175	35.4
256	53.0
72	48.1
78	34.5
144	32.3
78	31.1
317	38.4
224	69.0
94	-9.6
196
178	Illinois Chicago	MVC	33	12-21
100.8
259	101.9
104	.4682
178	50.6
174	48.9
85	17.7
216	17.4
139	22.9
339	28.4
145	26.0
340	35.9
265	48.4
260	49.2
119	36.0
56	32.2
75	40.8
91	35.0
90	68.2
138	-13.4
279
179	Loyola Marymount	WCC	31	12-19
108.3
126	109.7
257	.4620
179	51.6
121	50.4
170	16.3
124	12.4
359	29.4
150	27.1
98	28.8
286	28.3
70	49.2
226	49.8
147	36.8
25	34.3
210	39.9
108	31.7
30	64.9
319	-11.8
241
180	Brown	Ivy	31	13-18
104.1
206	105.5
179	.4615
180	49.7
229	51.2
216	18.3
271	16.8
185	31.9
81	27.3
102	33.0
165	32.1
165	49.2
226	52.2
262	33.7
189	33.1
126	40.7
94	38.2
213	67.3
195	-12.0
246
181	Longwood
   16 seed, R64	BSth	35	21-14
104.1
205	105.6
180	.4605
181	49.1
248	51.9
255	18.3
271	19.4
45	36.3
14	25.9
53	39.5
29	36.2
273	48.4
260	51.4
226	34.0
172	35.1
262	28.4
346	39.6
260	66.9
225	-8.8
173
182	East Tennessee St.	SC	35	19-16
102.2
235	103.8
142	.4557
182	46.9
312	50.9
198	18.1
249	18.8
64	35.1
23	29.4
198	33.9
144	36.7
282	47.1
296	51.2
216	31.2
307	33.7
162	40.9
90	38.5
229	67.0
214	-9.8
199
183	Fordham	A10	33	13-20
100.6
262	102.3
117	.4519
183	46.7
320	50.4
170	18.2
263	19.7
41	32.5
72	27.4
105	35.1
111	45.2
352	46.2
322	48.9
101	31.5
296	35.9
312	42.1
56	31.0
21	68.9
100	-12.6
263
184	Temple	Amer	36	16-20
102.4
226	104.2
148	.4486
184	46.0
334	50.4
170	14.1
19	17.0
164	28.2
196	29.7
212	32.1
191	36.0
270	44.9
345	51.3
220	31.7
288	32.6
96	42.1
56	38.6
236	66.9
221	-11.8
239
185	Stephen F. Austin	WAC	33	18-15
100.3
263	102.2
114	.4482
185	49.4
238	49.6
123	21.9
357	22.9
6	33.3
49	30.4
238	42.2
9	47.4
359	49.2
226	46.0
23	33.2
209	37.1
344	32.1
301	36.6
148	69.4
75	-9.4
187
186	Pepperdine	WCC	33	13-20
106.2
162	108.3
230	.4447
186	50.8
162	54.7
351	16.4
134	16.9
174	28.5
185	25.9
53	32.6
181	33.9
218	49.5
213	53.4
310	35.6
81	38.4
358	32.4
297	31.6
26	67.6
176	-12.2
253
187	Texas A&M Corpus Chris	Slnd	33	21-12
99.8
277	101.8
102	.4440
187	46.3
329	48.0
46	17.6
213	19.8
38	33.9
36	25.1
32	36.3
84	47.3
358	47.3
294	48.8
97	29.4
339	31.0
29	29.7
335	36.4
136	68.8
106	-6.5
133
188	Vanderbilt	SEC	32	9-23
104.4
198	106.5
193	.4436
188	45.4
345	53.0
309	15.3
64	15.9
256	28.2
196	29.3
194	35.2
108	29.5
98	47.4
290	51.0
205	28.3
354	37.4
349	39.3
121	39.6
260	65.8
284	-10.6
215
189	Rice	Amer	32	11-21
107.2
143	109.4
250	.4428
189	50.5
183	52.6
290	17.3
196	14.8
310	28.5
185	29.5
205	29.9
260	27.4
52	50.9
148	50.0
154	33.2
209	37.9
353	39.4
116	38.3
218	65.9
274	-13.1
272
190	Louisville	ACC	32	8-24
104.8
188	107.0
207	.4398
190	48.4
267	54.6
350	18.1
249	16.2
228	28.1
202	27.5
108	38.8
36	33.8
214	49.4
217	53.8
319	30.6
324	37.2
347	31.2
314	39.1
248	69.7
69	-12.3
255
191	Long Beach St.
   15 seed, R64	BW	36	21-15
105.1
179	107.7
219	.4317
191	48.5
265	51.1
209	17.1
184	18.3
92	33.2
51	29.4
198	37.8
55	32.3
170	49.3
220	49.9
152	30.9
320	35.1
262	28.1
348	43.7
345	71.6
23	-8.3
168
192	Fairfield	MAAC	37	24-13
107.3
141	109.9
263	.4314
192	52.0
97	52.5
285	15.5
73	20.2
31	27.9
206	30.6
253	28.4
298	25.8
23	50.4
170	53.3
306	36.2
43	34.1
195	42.0
60	36.8
166	68.4
125	-8.1
161
193	Illinois St.	MVC	32	15-17
102.4
227	104.9
161	.4297
193	47.7
285	50.9
198	17.1
184	16.4
211	28.9
170	26.0
56	36.1
92	27.2
45	50.4
170	52.3
269	28.8
348	32.5
89	37.5
176	39.6
260	63.8
344	-10.1
205
194	UMKC	Sum	32	16-16
100.8
260	103.4
137	.4255
194	49.4
238	51.1
209	17.9
235	17.3
146	31.3
99	25.3
35	29.3
272	45.1
351	48.9
240	52.7
288	33.4
201	32.4
83	43.4
41	37.5
195	66.6
244	-11.2
224
195	Northern Kentucky	Horz	33	18-15
102.1
238	104.9
160	.4234
195	50.6
174	51.3
221	17.3
196	20.1
33	29.4
150	32.6
322	35.1
111	28.8
83	52.2
93	54.5
337	31.6
292	31.2
33	33.5
278	41.6
311	68.0
145	-9.5
192
196	Gardner Webb	BSth	33	17-16
102.2
236	105.0
165	.4222
196	49.1
248	50.3
166	16.1
110	16.0
247	27.9
206	26.7
78	35.9
94	39.4
316	47.4
290	50.0
154	34.8
132	34.0
185	35.3
231	33.9
60	69.5
74	-10.3
208
197	Texas St.	SB	35	17-18
99.3
284	102.2
115	.4185
197	47.1
304	49.7
127	19.9
328	18.6
73	31.2
102	29.4
198	37.8
55	38.3
299	47.1
296	50.6
180	31.4
299	32.1
66	24.3
361	35.4
103	66.4
250	-10.6
212
198	Monmouth	CAA	33	18-15
105.0
185	108.0
225	.4182
198	49.4
238	50.0
147	15.3
64	17.8
120	30.5
116	32.2
317	29.2
277	33.3
198	47.8
280	49.3
124	34.8
132	34.0
185	36.3
204	43.2
342	67.8
157	-8.6
170
199	Penn	Ivy	29	11-18
108.8
117	112.0
314	.4159
199	51.9
102	54.0
333	16.7
159	14.0
334	29.1
160	26.6
72	27.0
331	26.7
33	51.2
138	53.9
322	35.3
98	36.1
319	43.1
44	43.7
345	65.6
290	-11.4
231
200	Rhode Island	A10	32	12-20
106.1
164	109.4
251	.4140
200	51.5
126	52.6
290	18.5
283	13.1
352	29.1
160	28.2
138	39.4
31	30.0
114	51.1
143	52.0
250	34.9
125	35.7
296	33.4
281	39.5
256	68.7
108	-12.2
254
Rk	Team	Conf	G	Rec	AdjOE	AdjDE	Barthag	Efg%	EfgD%	TOR	TORD	ORB	DRB	FTR	FTRD	2P%	2P%D	3P%	3P%D	3PR	3PRD	Adj T.	WAB
201	Tulsa	Amer	31	16-15
101.6
245	104.8
155	.4130
201	50.3
195	49.7
127	18.2
263	18.1
102	24.4
303	30.4
238	40.6
18	35.1
251	51.7
117	50.0
154	32.1
270	32.7
102	41.2
79	38.7
241	70.6
44	-9.4
184
202	George Washington	A10	32	15-17
106.4
156	109.8
262	.4099
202	51.5
126	49.8
133	17.1
184	13.9
337	25.9
278	29.2
192	34.2
136	22.8
9	49.9
197	48.3
84	35.8
69	34.7
241	41.6
70	38.5
229	70.1
53	-10.2
207
203	Eastern Kentucky	ASun	31	17-14
106.8
150	110.3
274	.4092
203	50.6
174	49.8
133	16.1
110	13.9
337	33.1
55	31.0
273	32.0
195	29.5
98	48.8
243	45.6
18	36.1
51	38.7
359	33.6
275	33.4
51	68.6
115	-9.5
191
204	Cleveland St.	Horz	36	21-15
105.1
182	108.5
238	.4088
204	49.4
238	51.3
221	14.9
47	19.3
49	33.4
45	34.5
350	31.0
230	37.4
290	49.3
220	55.2
348	33.1
218	30.0
10	31.2
314	38.0
211	67.5
178	-8.7
172
205	Columbia	Ivy	27	13-14
106.6
152	110.1
270	.4079
205	52.5
78	52.8
298	17.8
226	17.0
164	27.9
206	28.6
158	29.3
272	28.5
76	50.2
178	54.1
329	37.4
18	33.9
174	38.5
146	42.2
322	68.6
113	-10.0
201
206	Montana St.
   16 seed, R68	BSky	35	17-18
103.6
216	107.1
210	.4051
206	54.2
35	52.3
277	16.7
159	18.5
79	20.5
357	28.9
174	30.6
242	36.9
284	53.6
51	54.0
326	36.7
31	32.7
102	41.7
66	34.7
81	68.6
113	-12.8
269
207	Radford	BSth	33	16-17
107.6
137	111.4
304	.4016
207	50.8
162	50.9
198	16.2
114	15.8
264	30.7
108	34.0
345	28.0
304	31.7
151	49.4
217	52.4
278	35.7
73	32.4
83	34.2
264	39.7
268	63.7
346	-11.2
225
208	Abilene Christian	WAC	34	16-18
101.1
258	104.7
154	.4002
208	47.1
304	51.6
245	17.7
216	20.2
31	25.9
278	30.4
238	37.9
53	39.9
324	45.7
333	53.0
298	34.1
164	32.5
89	26.4
356	31.6
26	68.6
117	-11.1
221
209	Mercer	SC	33	16-17
104.1
208	107.9
222	.3980
209	50.1
210	51.2
216	16.6
152	17.9
115	30.6
114	31.1
279	27.6
315	38.9
308	48.8
243	51.2
216	35.4
92	34.2
204	30.1
328	36.9
171	66.1
268	-11.6
233
210	Evansville	MVC	35	17-18
101.1
257	104.9
158	.3977
210	50.1
210	52.4
281	16.6
152	17.2
154	21.4
353	26.1
57	28.3
301	28.3
70	49.9
197	51.7
237	33.6
194	35.5
284	34.9
246	43.0
339	68.6
116	-9.1
179
211	Jacksonville St.	CUSA	32	14-18
101.4
252	105.1
167	.3975
211	48.2
273	50.5
180	20.3
339	18.2
97	33.8
38	25.3
35	37.2
66	34.9
246	48.3
264	49.4
131	32.2
261	34.9
250	28.3
347	36.2
130	64.7
326	-13.0
271
212	Northeastern	CAA	32	12-20
105.4
175	109.3
248	.3963
212	51.2
144	53.8
329	18.9
299	17.0
164	31.8
86	27.7
111	29.8
262	28.3
70	53.3
64	52.3
269	31.8
279	37.5
350	36.1
211	38.8
242	65.8
281	-14.2
302
213	Northern Colorado	BSky	33	19-14
106.2
163	110.3
279	.3910
213	55.1
18	52.5
285	15.7
84	15.4
284	23.9
318	25.0
29	27.8
310	29.1
87	56.4
15	52.0
250	35.1
112	35.6
291	35.9
217	39.4
253	69.9
59	-9.1
178
214	Harvard	Ivy	27	14-13
101.2
256	105.2
171	.3882
214	50.2
203	50.1
155	17.8
226	16.0
247	26.5
262	31.3
290	35.7
98	25.8
23	49.9
197	49.5
136	33.8
181	33.9
174	39.4
116	40.8
291	67.6
172	-7.7
152
215	Lipscomb	ASun	32	20-12
109.2
108	113.8
343	.3853
215	56.2
11	53.5
322	14.2
23	16.1
241	23.2
332	29.3
194	27.5
319	22.8
9	55.7
18	52.8
290	38.1
11	36.5
325	39.8
111	36.6
148	69.3
82	-7.4
145
216	Marist	MAAC	31	18-13
96.5
323	100.6
82	.3826
216	50.8
162	47.1
25	18.4
278	20.4
28	23.1
335	26.8
83	29.8
262	35.0
249	49.3
220	46.8
36	35.6
81	31.8
53	36.4
202	38.3
218	64.6
328	-10.1
204
217	South Alabama	SB	32	16-16
103.2
220	107.7
219	.3813
217	50.9
156	50.7
191	16.3
124	16.7
189	22.8
342	31.8
307	31.6
216	33.9
218	50.0
192	52.3
269	35.1
112	31.9
58	36.1
211	36.1
128	68.1
141	-11.2
226
218	Saint Peter's
   15 seed, R64	MAAC	33	19-14
97.0
317	101.2
93	.3803
218	44.6
353	47.1
25	19.2
314	20.4
28	34.5
29	29.9
217	38.0
51	42.5
340	42.3
359	46.6
31	33.2
209	32.1
66	31.5
308	34.9
89	64.1
338	-8.9
175
219	UC Riverside	BW	34	16-18
103.8
212	108.4
233	.3799
219	46.3
329	52.3
277	14.3
27	15.8
264	29.8
139	25.3
35	28.6
292	34.8
241	44.6
347	52.0
250	32.3
256	35.3
275	42.2
54	33.3
50	67.0
217	-11.9
243
220	Merrimack	NEC	33	21-12
95.9
328	100.1
72	.3794
220	49.8
222	46.2
10	19.0
304	23.2
5	22.3
346	34.6
351	34.3
132	32.5
178	52.2
93	46.1
26	31.1
313	30.9
28	43.1
44	31.2
23	67.3
194	-7.7
151
221	Wofford	SC	32	17-15
105.7
170	110.3
277	.3789
221	53.3
53	51.5
239	16.9
174	14.1
332	29.4
150	26.2
61	27.7
313	34.6
235	53.4
57	50.0
154	35.5
84	35.7
296	45.3
23	42.8
335	65.6
288	-9.1
177
222	Cal Baptist	WAC	33	16-17
101.8
243	106.4
191	.3757
222	47.0
309	49.2
99	17.6
213	15.3
292	32.7
69	24.9
27	36.8
73	30.3
120	45.7
333	48.4
87	32.9
229	34.3
210	36.0
216	26.8
2	63.6
348	-11.8
242
223	Rider	MAAC	32	15-17
102.3
234	106.9
204	.3742
223	47.7
285	49.2
99	17.9
235	16.0
247	31.4
96	29.0
178	31.9
202	36.5
278	46.6
314	47.7
61	33.7
189	34.4
221	28.1
348	38.2
213	68.0
148	-11.2
227
224	San Jose St.	MWC	32	9-23
104.7
189	109.6
254	.3726
224	51.4
139	54.4
341	15.6
80	15.9
256	22.4
345	30.2
225	22.4
359	35.9
265	51.5
124	52.3
269	34.2
159	38.9
361	42.0
60	35.1
92	65.8
277	-14.1
294
225	North Dakota	Sum	32	18-14
104.9
187	109.8
259	.3719
225	50.2
203	52.4
281	15.0
51	15.3
292	30.7
108	26.1
57	32.2
189	29.6
103	51.5
124	52.2
262	32.3
256	35.2
266	41.8
65	33.9
60	66.8
229	-10.1
206
Rk	Team	Conf	G	Rec	AdjOE	AdjDE	Barthag	Efg%	EfgD%	TOR	TORD	ORB	DRB	FTR	FTRD	2P%	2P%D	3P%	3P%D	3PR	3PRD	Adj T.	WAB
226	Mount St. Mary's	MAAC	32	13-19
102.2
237	107.3
215	.3642
226	53.2
58	49.3
106	20.7
342	18.0
110	30.2
121	27.9
123	26.7
334	30.3
120	53.3
64	48.0
74	35.2
105	34.6
233	33.3
283	34.8
84	69.0
91	-15.0
308
227	Tennessee Martin	OVC	32	21-11
105.4
174	110.8
286	.3589
227	50.5
183	49.3
106	15.0
51	13.2
349	27.0
246	26.3
64	32.8
175	24.6
14	48.2
267	49.4
131	36.2
43	32.8
109	38.1
155	41.0
296	72.9
7	-6.9
138
228	Cal St. Fullerton	BW	32	14-18
99.4
283	104.6
151	.3557
228	48.0
279	49.9
142	18.1
249	17.9
115	24.3
306	29.6
209	38.6
38	35.6
259	47.7
282	51.3
220	32.2
261	31.8
53	36.2
209	38.6
236	66.4
252	-11.9
244
229	Air Force	MWC	31	9-22
106.4
158	112.2
317	.3514
229	53.8
46	54.2
338	18.8
293	17.6
132	23.8
322	31.5
300	29.6
266	39.1
311	53.6
51	53.7
315	36.1
51	36.6
328	47.2
15	36.7
155	62.0
359	-13.8
288
230	Georgia St.	SB	31	14-17
104.2
204	109.9
264	.3514
230	48.5
265	49.3
106	13.8
9	14.2
326	27.2
240	30.5
245	28.6
292	35.9
265	48.6
254	51.2
216	32.2
261	30.8
23	35.3
231	38.5
229	68.0
146	-11.8
240
231	Bowling Green	MAC	34	20-14
101.5
249	107.1
211	.3499
231	48.1
275	51.2
216	16.3
124	16.1
241	30.5
116	25.5
40	35.1
111	27.1
43	50.3
175	49.1
113	29.3
342	36.7
330	34.8
248	34.5
78	67.7
169	-9.5
190
232	UTSA	Amer	32	11-21
106.4
154	112.5
322	.3466
232	48.3
271	51.9
255	15.5
73	13.1
352	32.0
77	28.9
174	35.0
117	34.6
235	46.9
305	49.8
147	33.4
201	37.0
340	44.5
29	37.5
195	70.6
41	-14.8
306
233	Iona	MAAC	33	16-17
102.3
230	108.2
227	.3448
233	50.0
215	52.8
298	14.9
47	22.2
9	28.3
192	30.8
266	28.5
296	37.5
293	48.2
267	54.1
329	35.3
98	34.0
185	38.7
138	40.0
278	67.0
213	-12.7
267
234	Fresno St.	MWC	33	12-21
102.3
231	108.3
229	.3422
234	51.5
126	53.1
311	18.8
293	15.4
284	24.4
303	30.4
238	30.4
246	28.0
63	52.6
83	51.8
242	33.2
209	36.9
336	38.5
146	37.3
190	65.6
291	-11.6
237
235	Stetson
   16 seed, R64	ASun	35	22-13
107.9
134	114.3
347	.3415
235	52.8
67	52.3
277	15.9
95	13.5
344	27.4
230	31.5
300	31.8
208	25.5
21	52.1
102	52.6
286	35.9
61	34.6
233	41.7
66	37.3
190	66.2
261	-7.0
140
236	Nicholls St.	Slnd	34	20-14
103.7
214	109.9
267	.3392
236	51.5
126	49.8
133	19.0
304	16.4
211	27.6
219	32.2
317	37.6
60	39.4
316	48.9
240	50.7
190	36.8
25	32.1
66	40.3
100	36.3
134	66.3
256	-8.3
165
237	Milwaukee	Horz	35	20-15
106.3
159	112.7
326	.3390
237	51.0
152	50.6
187	17.9
235	15.5
279	36.0
16	32.6
322	34.0
139	32.8
186	52.7
81	50.2
166	32.2
261	34.2
204	38.8
136	38.4
224	70.0
57	-9.9
200
238	Cal St. Northridge	BW	34	19-15
98.9
289	104.9
157	.3386
238	48.9
254	48.3
60	19.0
304	18.0
110	31.1
103	26.9
89	37.6
60	39.5
319	50.3
175	47.2
48	30.0
330	33.1
126	26.4
356	44.5
349	72.7
12	-10.6
213
239	North Florida	ASun	32	16-16
105.6
172	112.0
312	.3365
239	53.6
48	52.6
290	16.3
124	14.4
321	23.5
329	29.9
217	28.3
301	33.7
210	53.3
64	52.3
269	35.9
61	35.5
284	54.7
1	29.9
11	67.2
204	-11.6
234
240	Florida Gulf Coast	ASun	32	14-18
102.1
239	108.3
231	.3360
240	52.1
91	52.8
298	17.6
213	15.8
264	29.6
147	28.3
142	27.2
326	29.3
90	50.8
151	52.0
250	36.2
43	35.9
312	37.3
185	42.8
335	64.0
341	-13.3
277
241	Marshall	SB	33	13-20
100.1
272	106.3
188	.3339
241	46.8
317	51.4
234	16.5
143	16.2
228	29.8
139	27.9
123	28.8
286	29.9
111	47.1
296	49.8
147	31.0
316	36.2
321	41.3
78	35.3
101	70.6
42	-14.1
296
242	UC Santa Barbara	BW	31	16-15
104.2
201	110.8
284	.3311
242	53.3
53	50.6
187	19.1
310	14.3
324	25.2
293	26.6
72	39.7
26	31.0
133	53.4
57	51.8
242	35.4
92	32.1
66	30.5
323	33.7
54	67.4
192	-10.7
218
243	San Diego	WCC	33	18-15
100.2
264	106.6
196	.3293
243	49.0
251	52.5
285	18.3
271	18.1
102	27.1
243	31.8
307	32.0
195	38.6
303	47.4
290	53.7
315	34.8
132	33.9
174	34.1
266	39.8
272	71.2
29	-7.9
155
244	Lamar	Slnd	33	19-14
102.1
240	108.6
239	.3290
244	50.9
156	49.2
99	18.0
242	19.3
49	33.1
55	31.9
310	33.2
158	39.2
312	50.2
178	48.8
97	34.8
132	33.3
136	35.3
231	39.6
260	68.4
129	-10.0
202
245	Portland St.	BSky	32	17-15
98.7
293	105.1
166	.3290
245	46.8
317	52.0
259	16.4
134	18.6
73	29.8
139	28.3
142	34.3
132	34.7
238	45.6
336	51.1
212	32.4
253	35.6
291	37.6
172	38.2
213	69.4
78	-11.1
222
246	Southern	SWAC	32	18-14
97.0
316	103.2
135	.3288
246	49.4
238	50.4
170	20.1
335	22.1
10	26.5
262	30.8
266	35.6
99	46.2
354	49.9
197	51.5
230	32.5
247	32.2
75	38.0
157	35.6
112	67.8
163	-8.2
163
247	Albany	AE	32	13-19
104.2
203	110.9
287	.3284
247	50.4
188	51.4
234	17.7
216	17.0
164	30.6
114	29.4
198	29.2
277	38.9
308	51.0
145	54.6
340	32.9
229	29.3
4	36.9
189	29.6
9	73.1
6	-13.9
293
248	Norfolk St.	MEAC	35	24-11
102.3
233	108.9
245	.3264
248	49.6
232	49.5
113	18.4
278	22.0
11	31.3
99	31.4
295	41.8
12	43.2
343	49.6
209	47.7
61	33.2
209	34.5
226	32.5
295	45.3
355	66.3
257	-7.0
139
249	Miami OH	MAC	32	15-17
99.0
286	105.5
177	.3262
249	51.0
152	49.3
106	17.2
192	18.0
110	22.0
348	30.7
261	30.4
246	31.9
156	48.7
249	50.5
176	36.2
43	31.5
44	40.3
100	36.8
166	67.4
187	-12.5
261
250	Cal St. Bakersfield	BW	32	13-19
100.1
271	106.7
197	.3261
250	47.0
309	50.0
147	18.3
271	18.6
73	32.9
59	31.2
282	32.0
195	46.7
357	46.6
314	49.1
113	32.1
270	34.3
210	25.7
359	36.7
155	64.8
324	-13.8
291
Rk	Team	Conf	G	Rec	AdjOE	AdjDE	Barthag	Efg%	EfgD%	TOR	TORD	ORB	DRB	FTR	FTRD	2P%	2P%D	3P%	3P%D	3PR	3PRD	Adj T.	WAB
251	Maine	AE	32	15-17
95.8
330	102.1
108	.3249
251	47.8
282	49.9
142	16.7
159	19.2
52	23.0
337	27.8
115	30.0
257	32.1
165	49.3
220	50.6
180	29.7
333	32.3
78	32.2
299	33.2
48	65.6
289	-12.2
250
252	Southern Utah	WAC	31	10-21
104.4
197	111.3
301	.3240
252	48.4
267	52.6
290	16.9
174	17.0
164	27.9
206	33.0
334	36.2
88	32.2
168	50.8
151	53.0
298	29.4
339	34.3
210	35.0
243	27.2
4	69.6
72	-15.1
309
253	Idaho St.	BSky	34	14-20
102.7
222	109.7
256	.3194
253	51.1
147	54.5
345	16.7
159	18.2
97	30.3
120	26.8
83	33.5
154	32.6
181	52.6
83	54.7
341	32.2
261	36.0
318	35.0
243	30.0
12	63.9
342	-15.6
313
254	Canisius	MAAC	32	14-18
100.2
267	107.1
211	.3170
254	49.6
232	51.2
216	19.1
310	16.3
224	32.8
65	28.1
132	27.5
319	28.0
63	49.7
208	51.0
205	32.9
229	34.4
221	36.1
211	31.8
32	67.1
210	-13.3
278
255	UMBC	AE	32	11-21
104.5
195	111.8
311	.3151
255	52.7
70	50.3
166	17.5
205	14.9
307	25.5
289	31.0
273	24.1
354	28.3
70	52.6
83	52.2
262	35.3
98	31.3
38	35.1
237	36.4
136	73.3
5	-16.9
324
256	Green Bay	Horz	32	18-14
102.0
242	109.3
249	.3102
256	52.4
82	49.4
111	18.6
286	14.0
334	27.3
233	28.4
145	29.4
269	34.2
226	53.7
49	51.6
234	34.0
172	30.2
12	48.2
9	35.3
101	63.7
345	-9.2
180
257	Queens	ASun	33	14-19
103.8
211	111.3
300	.3101
257	49.9
220	54.1
336	15.7
84	15.4
284	27.6
219	29.5
205	33.7
147	29.4
94	50.1
189	55.8
355	33.0
221	34.2
204	40.8
91	36.7
155	72.9
9	-13.5
283
258	Austin Peay	ASun	35	19-16
107.2
142	115.0
351	.3087
258	50.4
188	53.1
311	13.3
6	16.6
196	29.9
134	31.6
303	31.9
202	37.9
297	48.8
243	54.4
335	35.5
84	34.0
185	35.1
237	35.7
114	64.6
330	-10.5
211
259	Ball St.	MAC	31	15-16
102.3
232	109.8
261	.3069
259	50.8
162	51.3
221	18.2
263	16.2
228	27.3
233	27.9
123	38.2
46	27.6
56	48.7
249	50.6
180	36.1
51	35.1
262	37.9
161	35.2
96	66.7
231	-12.5
262
260	Southern Miss	SB	32	16-16
99.7
279	107.1
214	.3049
260	48.4
267	50.5
180	18.5
283	17.2
154	28.9
170	30.5
245	37.9
53	33.0
190	47.2
295	48.9
101	33.8
181	35.7
296	33.6
275	34.5
78	67.9
154	-11.1
223
261	Middle Tennessee	CUSA	33	14-19
98.4
299	105.8
184	.3028
261	46.0
334	49.5
113	20.6
341	15.8
264	28.2
196	30.4
238	34.9
122	29.6
103	45.6
336	49.0
108	31.1
313	33.8
166	42.1
56	29.7
10	65.4
303	-13.2
275
262	Grambling St.
   16 seed, R64	SWAC	36	21-15
98.9
288	106.4
190	.3020
262	48.1
275	49.7
127	20.0
330	18.8
64	27.9
206	32.8
328	38.8
36	33.8
214	46.9
305	48.8
97	34.0
172	34.3
210	29.0
342	34.2
72	64.8
323	-8.1
159
263	Western Illinois	OVC	33	21-12
97.3
313	104.8
156	.2990
263	46.5
325	46.5
16	20.1
335	14.2
326	37.2
9	28.9
174	35.6
99	25.1
17	46.0
328	46.8
36	31.7
288	30.4
15	31.0
319	30.7
20	64.7
325	-8.0
157
264	North Dakota St.	Sum	32	15-17
103.3
219	111.2
295	.2984
264	53.3
53	53.7
327	16.8
167	13.2
349	24.3
306	24.7
22	30.3
251	28.5
76	51.4
130	52.8
290	37.7
13	36.8
334	35.9
217	34.7
81	65.8
285	-12.0
247
265	North Carolina Central	MEAC	31	18-13
104.6
192	112.8
329	.2953
265	49.8
222	49.0
87	17.8
226	18.1
102	31.3
99	33.7
341	40.4
20	37.1
286	49.8
205	51.5
230	33.2
209	29.7
5	37.9
161	36.7
155	66.5
246	-9.7
197
266	North Alabama	ASun	32	15-17
104.3
200	112.5
324	.2944
266	49.8
222	51.5
239	14.6
38	14.2
326	27.0
246	27.8
115	32.9
170	40.9
330	47.9
277	50.6
180	35.6
81	35.4
280	34.6
254	34.8
84	67.8
158	-12.2
252
267	Lehigh	Pat	32	14-18
99.0
287	106.8
200	.2938
267	49.5
236	51.7
249	16.9
174	17.9
115	22.0
348	23.5
8	33.0
165	29.6
103	50.2
178	50.7
190	32.2
261	35.6
291	37.6
172	37.2
183	70.1
52	-13.5
281
268	Georgia Southern	SB	33	9-24
104.6
193	113.0
332	.2915
268	50.8
162	52.0
259	18.8
293	17.3
146	28.8
174	33.9
344	28.9
285	43.1
342	49.3
220	51.4
226	35.2
105	35.5
284	44.6
28	36.4
136	69.0
95	-17.9
333
269	Central Michigan	MAC	32	18-14
95.9
329	103.6
141	.2902
269	46.8
317	47.3
32	17.5
205	16.2
228	28.6
180	30.7
261	27.4
323	30.6
126	47.7
282	47.7
61	30.1
327	31.2
33	35.2
235	40.8
291	65.4
305	-8.3
166
270	Utah Tech	WAC	31	11-20
99.8
278	107.9
223	.2880
270	50.4
188	50.4
170	21.8
356	18.3
92	28.2
196	31.6
303	40.3
21	43.2
343	50.2
178	50.1
163	33.7
189	33.9
174	34.7
251	36.7
155	70.3
50	-13.9
292
271	Bucknell	Pat	33	14-19
98.7
294	106.9
202	.2869
271	50.4
188	49.5
113	18.9
299	16.4
211	25.9
278	28.6
158	29.0
284	31.5
139	50.2
178	50.1
163	33.8
181	32.4
83	44.9
26	42.2
322	64.9
316	-14.6
305
272	Portland	WCC	33	12-21
103.9
210	112.5
323	.2856
272	50.5
183	55.3
354	17.1
184	13.2
349	23.6
326	28.8
168	31.7
213	22.6
8	49.9
197	53.9
322	34.1
164	38.0
355	44.5
29	45.1
353	67.8
162	-13.3
276
273	Binghamton	AE	30	15-15
101.8
244	110.3
276	.2843
273	49.4
238	50.0
147	18.0
242	13.3
347	29.1
160	25.0
29	34.3
132	34.8
241	51.4
130	48.4
87	29.9
332	35.0
254	30.7
320	38.0
211	66.6
237	-10.7
217
274	Texas Southern	SWAC	33	16-17
98.6
296	106.9
203	.2828
274	46.9
312	48.3
60	18.1
249	17.8
120	30.0
130	30.9
271	31.1
227	40.1
325	47.1
296	48.2
80	31.1
313	32.4
83	38.8
136	36.0
126	67.8
159	-10.7
216
275	Nebraska Omaha	Sum	33	15-18
102.3
229	111.0
290	.2811
275	49.5
236	53.4
320	14.5
34	15.9
256	24.7
300	26.4
67	39.7
26	32.2
168	50.5
164	53.3
306	31.6
292	35.7
296	33.0
290	42.5
331	67.4
184	-13.5
282
Rk	Team	Conf	G	Rec	AdjOE	AdjDE	Barthag	Efg%	EfgD%	TOR	TORD	ORB	DRB	FTR	FTRD	2P%	2P%D	3P%	3P%D	3PR	3PRD	Adj T.	WAB
276	Howard
   16 seed, R68	MEAC	35	18-17
104.7
191	113.6
338	.2800
276	51.7
115	51.1
209	21.2
346	16.6
196	33.3
49	30.3
229	42.1
10	38.4
301	49.1
235	50.9
199	37.2
20	34.4
221	39.0
132	33.2
48	67.9
156	-12.2
251
277	Central Connecticut	NEC	31	20-11
100.0
276	108.7
242	.2763
277	50.2
203	49.6
123	16.7
159	17.5
136	27.6
219	26.8
83	33.0
165	26.7
33	50.8
151	48.2
80	32.8
235	34.8
245	35.4
228	35.2
96	66.8
227	-8.1
160
278	The Citadel	SC	32	11-21
101.2
255	110.1
272	.2757
278	50.6
174	53.5
322	18.0
242	16.1
241	27.3
233	26.8
83	33.7
147	22.5
7	51.3
134	54.1
329	32.8
235	35.2
266	33.3
283	39.9
277	65.4
301	-15.7
315
279	New Mexico St.	CUSA	32	13-19
99.6
281	108.3
232	.2750
279	46.9
312	50.9
198	17.7
216	15.8
264	25.4
291	29.6
209	32.7
178	44.8
349	47.0
301	50.0
154	31.2
307	34.7
241	34.6
254	42.4
327	66.3
255	-12.6
266
280	New Hampshire	AE	31	16-15
98.0
307	106.8
199	.2713
280	47.9
280	50.5
180	16.6
152	16.4
211	23.5
329	25.5
40	29.8
262	27.5
55	48.1
271	53.5
312	31.8
279	30.5
18	43.7
39	38.4
224	71.4
25	-9.4
186
281	Presbyterian	BSth	33	14-19
101.6
246	110.7
282	.2713
281	51.2
144	52.8
298	16.9
174	17.7
126	26.3
269	27.8
115	36.8
73	42.0
338	52.2
93	52.8
290	32.8
235	35.2
266	33.0
290	35.6
112	67.6
173	-14.1
299
282	Kennesaw St.	ASun	31	15-16
103.7
213	113.1
333	.2708
282	51.5
126	53.1
311	16.0
104	17.6
132	30.0
130	30.5
245	35.4
102	43.2
343	53.0
72	51.3
220	32.9
229	37.2
347	42.5
51	39.5
256	74.1
4	-12.6
265
283	Oral Roberts	Sum	31	12-19
102.1
241	111.5
308	.2660
283	51.1
147	51.4
234	14.2
23	14.5
316	20.9
355	30.6
253	26.0
340	32.3
170	49.1
235	50.0
154	36.0
56	35.8
305	42.1
56	38.5
229	67.7
166	-13.6
285
284	USC Upstate	BSth	30	10-20
99.3
285	108.5
236	.2654
284	49.6
232	52.0
259	16.4
134	18.6
73	23.9
318	34.3
349	29.5
268	45.0
350	50.2
178	53.0
298	32.5
247	33.5
147	39.9
108	35.7
114	67.2
205	-15.3
311
285	Denver	Sum	34	17-17
105.9
169	115.9
353	.2630
285	51.8
109	54.7
351	14.0
15	14.2
326	27.3
233	27.6
110	35.0
117	32.0
161	51.2
138	54.4
335	35.1
112	36.8
334	41.0
87	35.5
107	70.6
45	-12.4
257
286	Wagner
   16 seed, R64	NEC	33	17-16
96.2
325	105.3
172	.2625
286	45.1
347	48.8
82	15.7
84	16.8
185	28.8
174	27.7
111	26.4
338	30.2
117	43.1
358	51.0
205	32.2
261	30.4
15	37.7
167	40.8
291	61.5
361	-11.6
238
287	DePaul	BE	32	3-29
101.3
254	111.0
289	.2583
287	48.1
275	56.5
361	19.9
328	14.5
316	22.0
348	32.3
321	33.5
154	28.4
75	47.0
301	56.1
357	33.5
198	38.1
357	34.8
248	41.1
301	67.8
161	-14.8
307
288	Niagara	MAAC	32	16-16
101.5
248	111.3
297	.2577
288	52.0
97	52.2
270	17.4
203	16.5
206	23.4
331	26.8
83	36.0
93	30.7
129	51.2
138	52.1
257	35.9
61	35.0
254	31.8
304	27.6
5	67.4
190	-12.5
260
289	Sacred Heart	NEC	32	16-16
101.4
253	111.4
307	.2516
289	51.5
126	51.6
245	17.1
184	20.1
33	25.9
278	32.6
322	31.7
213	31.9
156	50.2
178	50.6
180	35.9
61	35.3
275	34.1
266	41.6
311	69.3
81	-12.7
268
290	SIU Edwardsville	OVC	33	17-16
100.2
265	110.3
275	.2494
290	47.2
300	51.1
209	15.6
80	17.4
139	30.1
125	28.2
138	31.9
202	37.2
287	46.2
322	49.2
119	32.5
247	36.2
321	36.8
191	37.5
195	67.0
216	-12.0
248
291	FIU	CUSA	33	11-22
100.2
269	110.3
273	.2493
291	49.7
229	55.6
356	18.9
299	24.1
4	27.0
246	37.3
361	28.4
298	35.9
265	49.9
197	52.9
295	32.9
229	40.3
362	41.7
66	36.0
126	70.4
49	-16.4
318
292	Alcorn St.	SWAC	32	14-18
105.7
171	116.5
355	.2462
292	48.9
254	55.0
353	17.0
181	17.2
154	33.4
45	30.6
253	37.4
63	36.6
281	48.0
274	54.0
326	34.2
159	37.5
350	26.6
355	45.8
357	66.7
232	-11.4
229
293	Boston University	Pat	33	16-17
98.2
304	108.2
228	.2460
293	47.8
282	50.0
147	17.7
216	16.9
174	26.6
259	23.0
4	30.2
254	36.2
273	46.8
310	48.7
96	32.8
235	34.6
233	40.8
91	41.0
296	65.9
273	-14.2
303
294	Valparaiso	MVC	32	7-25
99.6
280	109.9
268	.2437
294	46.2
331	54.5
345	15.9
95	17.3
146	25.7
285	30.3
229	23.3
357	30.7
129	45.0
344	55.0
344	32.1
270	35.8
305	36.3
204	35.2
96	68.0
149	-17.4
329
295	Tennessee St.	OVC	33	18-15
98.0
308	108.2
226	.2427
295	48.8
257	48.8
82	19.7
326	18.6
73	28.4
189	32.0
314	38.1
50	44.3
348	49.8
205	48.6
92	31.3
302	32.7
102	35.9
217	34.3
74	68.4
130	-11.4
230
296	Louisiana Monroe	SB	30	11-19
100.0
274	110.5
280	.2414
296	44.8
350	52.6
290	18.2
263	17.2
154	34.1
31	29.0
178	38.4
40	37.6
295	45.6
336	51.7
237	28.5
352	35.8
305	28.7
344	44.9
351	67.1
209	-13.5
280
297	Chicago St.	ind	32	13-19
98.6
297	108.9
244	.2407
297	46.1
332	53.6
325	20.0
330	21.1
19	32.4
73	35.3
355	38.2
46	36.0
270	46.9
305	55.6
353	29.7
333	33.3
136	34.5
258	35.5
107	65.2
310	-12.6
264
298	Old Dominion	SB	32	7-25
98.1
305	108.4
234	.2397
298	47.6
288	51.3
221	15.0
51	18.0
110	25.2
293	31.2
282	27.1
329	39.7
321	47.5
287	50.0
154	31.8
279	35.5
284	35.1
237	42.0
317	69.9
62	-19.5
350
299	South Carolina St.	MEAC	32	14-18
98.0
306	108.5
237	.2374
299	45.7
340	52.2
270	21.3
351	21.8
13	37.7
6	31.0
273	36.5
82	49.2
361	44.5
348	53.3
306	32.3
256	33.6
155	31.9
303	38.3
218	68.9
101	-13.0
270
300	Delaware St.	MEAC	34	15-19
95.1
337	105.3
174	.2360
300	46.1
332	50.9
198	21.1
345	21.7
15	33.1
55	31.5
300	39.5
29	36.2
273	46.0
328	48.9
101	31.0
316	35.9
312	25.1
360	39.8
272	69.0
92	-14.1
297
Rk	Team	Conf	G	Rec	AdjOE	AdjDE	Barthag	Efg%	EfgD%	TOR	TORD	ORB	DRB	FTR	FTRD	2P%	2P%D	3P%	3P%D	3PR	3PRD	Adj T.	WAB
301	American	Pat	32	16-16
102.4
225	113.5
336	.2350
301	52.5
78	53.4
320	17.3
196	17.0
164	27.9
206	25.6
46	28.4
298	29.8
110	52.8
78	51.9
246	34.7
139	36.9
336	44.9
26	42.3
325	63.0
355	-12.5
259
302	Jacksonville	ASun	33	16-17
98.9
290	109.8
260	.2314
302	48.7
258	52.3
277	19.2
314	17.4
139	34.6
28	30.7
261	36.3
84	40.4
328	47.7
282	51.5
230	33.8
181	35.7
296	33.1
288	40.9
294	65.9
275	-12.1
249
303	Northern Illinois	MAC	31	11-20
101.5
250	112.8
327	.2286
303	49.8
222	52.9
305	18.1
249	14.3
324	28.0
204	31.2
282	36.2
88	34.7
238	50.2
178	51.8
242	32.7
241	36.7
330	39.1
127	35.8
119	68.3
133	-14.3
304
304	Bellarmine	ASun	31	8-23
100.1
270	111.4
306	.2269
304	49.0
251	53.9
330	14.5
34	14.6
315	21.8
351	29.4
198	21.4
362	31.9
156	48.3
264	55.1
346	33.6
194	35.0
254	37.3
185	44.4
348	65.1
313	-17.6
331
305	Campbell	CAA	32	14-18
100.6
261	112.2
319	.2224
305	52.0
97	52.2
270	18.1
249	16.4
211	23.8
322	31.2
282	33.7
147	23.6
11	52.0
105	52.9
295	34.6
142	34.1
195	38.6
142	43.3
343	66.4
253	-13.8
290
306	Jackson St.	SWAC	32	15-17
100.2
268	111.7
310	.2221
306	47.0
309	52.6
290	19.0
304	19.0
58	34.9
25	32.0
314	34.7
127	34.5
234	46.2
322	52.4
278	32.5
247	35.2
266	33.8
272	39.6
260	68.8
104	-11.6
235
307	Le Moyne	NEC	32	15-17
98.8
291	110.3
278	.2189
307	50.1
210	50.6
187	16.6
152	17.8
120	23.1
335	29.9
217	25.3
347	27.8
61	49.2
226	51.0
205	34.1
164	33.4
142	47.5
14	43.0
339	67.5
183	-13.8
287
308	Bethune Cookman	SWAC	34	17-17
97.2
314	108.7
241	.2170
308	47.3
295	50.1
155	19.5
323	21.9
12	29.2
157	33.2
336	38.2
46	49.2
361	47.0
301	49.5
136	32.0
275	34.1
195	29.7
335	35.2
96	69.7
67	-12.4
256
309	Elon	CAA	32	13-19
101.4
251	113.7
341	.2121
309	50.6
174	53.2
317	17.8
226	15.7
272	28.7
177	32.8
328	32.8
175	29.1
87	48.8
243	54.5
337	35.2
105	34.2
204	43.7
39	40.0
278	67.7
168	-14.1
298
310	Southeastern Louisiana	Slnd	32	15-17
97.8
311	109.9
266	.2084
310	48.4
267	51.3
221	20.9
343	17.3
146	30.7
108	30.3
229	35.0
117	30.2
117	46.6
314	52.2
262	34.1
164	33.4
142	38.6
142	44.8
350	64.8
320	-11.9
245
311	Sacramento St.	BSky	34	10-24
97.9
310	110.0
269	.2072
311	48.7
258	54.1
336	22.8
359	15.6
277	34.1
31	25.8
50	32.9
170	32.7
183	48.7
249	55.1
346	32.4
253	35.0
254	41.2
79	38.6
236	64.1
339	-19.2
346
312	William & Mary	CAA	33	10-23
100.0
273	112.6
325	.2037
312	48.3
271	52.2
270	16.3
124	14.4
321	27.4
230	29.1
184	31.9
202	34.9
246	48.6
254	52.5
282	32.1
270	34.5
226	47.7
13	36.5
143	66.0
271	-18.7
341
313	Idaho	BSky	32	11-21
98.5
298	111.1
292	.1998
313	50.2
203	53.5
322	17.5
205	16.6
196	22.7
343	28.6
158	26.7
334	37.2
287	50.2
178	53.4
310	33.5
198	35.8
305	41.0
87	38.5
229	65.0
315	-16.8
322
314	Coastal Carolina	SB	31	9-22
98.7
295	111.3
301	.1992
314	49.4
238	50.1
155	19.1
310	12.7
358	29.3
155	30.5
245	32.5
184	29.5
98	50.0
192	50.6
180	32.1
270	33.0
116	32.9
292	46.6
360	69.4
77	-17.8
332
315	South Dakota	Sum	32	12-20
103.5
217	116.9
357	.1978
315	51.9
102	53.1
311	18.3
271	11.7
361	27.5
224	28.6
158	30.5
244	27.3
47	49.6
209	52.3
269	37.6
17	36.2
321	34.5
258	38.3
218	68.9
99	-16.5
320
316	Robert Morris	Horz	32	10-22
100.0
275	113.1
334	.1959
316	50.3
195	53.3
318	20.0
330	15.8
264	33.2
51	29.5
205	28.0
304	36.8
283	50.0
192	54.3
334	33.8
181	34.3
210	42.6
49	34.8
84	67.2
206	-17.2
326
317	Western Michigan	MAC	32	12-20
98.3
302	111.4
303	.1916
317	48.7
258	50.9
198	19.7
326	15.5
279	33.7
40	29.6
209	31.5
220	31.5
139	48.4
260	50.8
193	32.8
235	34.1
195	38.9
133	38.5
229	68.5
122	-15.2
310
318	Northern Arizona	BSky	33	14-19
98.2
303	111.4
305	.1904
318	49.3
245	52.9
305	18.1
249	16.7
189	24.1
313	31.1
279	31.1
227	37.4
290	50.7
162	55.4
350	31.2
307	32.0
61	35.2
235	34.0
65	68.4
131	-13.5
284
319	Alabama St.	SWAC	32	13-19
92.4
352	105.0
164	.1876
319	41.0
362	49.1
94	16.3
124	20.0
36	31.7
91	29.1
184	28.5
296	43.4
346	40.4
362	47.6
58	28.0
359	34.1
195	38.4
151	41.0
296	67.2
197	-13.8
289
320	Eastern Illinois	OVC	32	14-18
95.5
331	108.8
243	.1836
320	44.8
350	52.0
259	15.7
84	19.7
41	27.5
224	28.0
130	27.2
326	37.5
293	43.6
355	51.1
212	31.8
279	35.8
305	29.6
337	37.1
180	66.6
238	-13.2
273
321	Charleston Southern	BSth	30	10-20
93.7
344	107.1
209	.1778
321	45.2
346	50.9
198	18.1
249	13.4
345	27.0
246	29.0
178	31.2
225	33.5
204	44.1
351	52.3
269	31.4
299	31.9
58	35.9
217	31.5
25	66.9
222	-14.2
300
322	Northwestern St.	Slnd	32	9-23
97.2
315	111.3
296	.1741
322	47.7
285	51.9
255	19.3
318	18.5
79	29.8
139	34.1
348	36.7
77	41.4
333	48.0
274	53.8
319	31.3
302	32.6
96	34.4
261	37.2
183	67.6
174	-18.5
339
323	Eastern Michigan	MAC	31	13-18
96.5
324	110.5
281	.1738
323	47.9
280	52.0
259	17.0
181	15.7
272	27.6
219	31.2
282	25.0
349	31.5
139	48.7
249	54.7
341	30.8
322	31.9
58	32.3
298	39.5
256	65.4
304	-14.1
295
324	Lafayette	Pat	32	11-21
93.1
350	106.9
201	.1706
324	46.9
312	48.5
71	17.5
205	17.4
139	24.2
312	29.1
184	23.9
355	31.5
139	47.0
301	46.6
31	31.2
307	34.3
210	40.0
105	38.5
229	65.4
307	-17.0
325
325	Alabama A&M	SWAC	35	12-23
93.4
348	107.9
224	.1598
325	45.9
339	49.1
94	22.4
358	19.4
45	31.8
86	32.7
325	47.2
2	45.2
352	46.9
305	46.9
42	28.7
349	35.2
266	26.9
353	36.8
166	70.5
46	-17.5
330
Rk	Team	Conf	G	Rec	AdjOE	AdjDE	Barthag	Efg%	EfgD%	TOR	TORD	ORB	DRB	FTR	FTRD	2P%	2P%D	3P%	3P%D	3PR	3PRD	Adj T.	WAB
326	Southern Indiana	OVC	32	8-24
96.7
321	111.7
309	.1589
326	45.6
342	49.5
113	19.4
320	16.6
196	27.0
246	28.5
148	37.6
60	48.6
360	44.5
348	49.3
124	31.6
292	33.3
136	36.3
204	37.5
195	69.2
85	-19.2
344
327	Navy	Pat	31	13-18
95.9
327	111.1
291	.1556
327	44.0
355	50.3
166	15.6
80	20.5
27	31.8
86	30.8
266	34.8
125	35.7
260	43.8
353	50.9
199	29.6
336	32.9
113	33.1
288	40.7
288	65.5
297	-15.4
312
328	NJIT	AE	28	7-21
97.8
312	113.7
340	.1507
328	44.6
353	52.4
281	16.4
134	16.6
196	28.3
192	32.9
331	31.2
225	39.7
321	44.7
346	52.3
269	29.6
336	35.0
254	39.2
123	35.8
119	66.5
248	-16.8
321
329	Arkansas Pine Bluff	SWAC	31	13-18
101.6
247	118.3
360	.1471
329	51.5
126	52.6
290	18.0
242	15.4
284	22.9
339	34.0
345	40.2
22	32.5
178	48.4
260	56.0
356	36.5
35	31.4
41	49.4
6	38.3
218	72.0
17	-13.2
274
330	Hampton	CAA	33	9-24
95.5
332	111.3
299	.1465
330	46.7
320	51.6
245	17.9
235	15.0
305	27.9
206	31.9
310	29.4
269	29.9
111	46.9
305	52.1
257	30.9
320	33.9
174	38.6
142	39.0
247	69.8
64	-20.1
352
331	Dartmouth	Ivy	27	6-21
93.7
345	109.6
255	.1406
331	47.6
288	54.2
338	19.4
320	13.4
345	20.7
356	24.5
18	27.8
310	24.4
12	48.2
267	53.2
303	31.2
307	37.0
340	42.7
48	42.4
327	65.1
314	-16.0
316
332	UT Rio Grande Valley	WAC	31	6-25
94.8
339	111.0
288	.1403
332	45.1
347	53.1
311	19.0
304	18.9
61	24.3
306	33.4
338	41.2
15	34.4
231	45.8
332	54.2
333	29.0
345	33.9
174	29.2
340	33.4
51	71.3
27	-19.2
347
333	New Orleans	Slnd	33	10-23
97.9
309	114.7
349	.1403
333	45.5
344	54.4
341	17.3
196	19.1
56	28.4
189	34.9
352	39.2
32	38.7
306	45.5
340	54.9
343	30.2
326	35.5
284	29.3
338	31.7
30	71.3
26	-18.2
335
334	Fairleigh Dickinson	NEC	32	15-17
96.0
326	112.9
331	.1332
334	47.1
304	52.9
305	17.2
192	19.0
58	27.8
214	31.2
282	34.9
122	32.0
161	46.7
312	52.4
278	31.8
279	35.7
296	39.3
121	40.5
286	72.3
16	-13.8
286
335	Morgan St.	MEAC	31	11-20
96.6
322	113.8
342	.1319
335	47.4
294	52.0
259	20.2
338	18.2
97	29.5
149	37.2
360	31.3
223	41.4
333	49.3
220	51.6
234	28.2
357	35.3
275	26.9
353	32.4
36	70.7
40	-15.6
314
336	Manhattan	MAAC	30	7-23
95.1
336	112.3
320	.1295
336	47.2
300	53.1
311	19.2
314	16.9
174	24.8
299	30.1
222	22.1
361	27.3
47	47.4
290	52.2
262	31.3
302	36.7
330	38.7
138	33.8
59	68.4
123	-18.4
338
337	Central Arkansas	ASun	32	9-23
96.7
320	114.2
345	.1289
337	47.5
292	54.0
333	18.1
249	15.4
284	28.3
192	31.4
295	29.3
272	33.7
210	45.2
341	51.9
246	34.2
159	37.9
353	37.8
163	42.1
321	69.2
83	-19.0
342
338	East Texas A&M	Slnd	33	13-20
94.4
341	112.1
315	.1228
338	46.0
334	52.4
281	16.7
159	18.3
92	24.3
306	33.1
335	30.8
236	39.2
312	47.6
285	52.4
278	29.4
339	35.0
254	46.0
21	30.4
15	66.3
260	-14.2
301
339	Florida A&M	SWAC	29	6-23
92.1
353	109.9
265	.1165
339	47.5
292	51.8
252	21.4
353	16.3
224	26.3
269	31.7
305	28.0
304	39.2
312	46.0
328	51.1
212	34.1
164	35.3
275	29.9
330	36.6
148	68.2
140	-16.9
323
340	LIU	NEC	29	7-22
93.2
349	111.2
294	.1160
340	46.4
328	50.8
195	20.1
335	15.8
264	25.5
289	28.5
148	31.5
220	41.1
332	46.3
320	53.0
298	31.0
316	31.1
31	29.9
330	34.3
74	70.4
48	-18.3
337
341	Cal Poly	BW	32	4-28
93.9
342	112.2
318	.1148
341	46.0
334	51.5
239	18.6
286	17.3
146	24.3
306	33.6
339	31.3
223	41.9
337	44.1
351	50.8
193	33.0
221	35.6
291	34.0
270	30.3
14	65.8
282	-23.4
360
342	Prairie View A&M	SWAC	31	10-21
93.6
346	112.1
316	.1112
342	45.6
342	53.7
327	17.7
216	22.6
8	26.5
262	35.2
353	36.9
72	46.6
356	45.6
336	54.1
329	30.4
325	35.2
266	26.4
356	32.9
43	71.0
34	-16.0
317
343	North Carolina A&T	CAA	32	7-25
95.2
334	114.1
344	.1111
343	43.9
356	54.5
345	13.8
9	15.9
256	24.3
306	34.0
345	34.0
139	29.5
98	44.4
350	55.5
351	28.7
349	35.2
266	35.7
222	37.2
183	68.0
144	-19.1
343
344	Loyola MD	Pat	32	7-25
93.8
343	112.4
321	.1108
344	47.2
300	53.3
318	20.4
340	15.6
277	29.2
157	26.4
67	30.0
257	32.6
181	46.1
326	53.3
306	32.7
241	35.6
291	38.7
138	36.6
148	65.8
278	-20.9
353
345	Tennessee Tech	OVC	31	10-21
94.5
340	113.4
335	.1095
345	49.0
251	52.5
285	17.8
226	15.4
284	18.9
360	28.1
132	31.0
230	24.6
14	49.2
226	52.7
288	32.3
256	34.8
245	34.1
266	37.7
203	65.8
280	-17.3
327
346	Buffalo	MAC	31	4-27
95.2
335	114.2
345	.1094
346	47.3
295	53.9
330	20.0
330	15.1
299	28.3
192	30.6
253	26.0
340	28.7
81	51.6
120	53.5
312	27.5
361	36.5
325	41.4
74	35.1
92	69.1
88	-22.2
356
347	Detroit Mercy	Horz	32	1-31
96.8
318	116.2
354	.1093
347	47.3
295	55.9
359	19.4
320	17.3
146	25.9
278	35.2
353	30.3
251	31.9
156	50.4
170	56.1
357	28.1
358	37.1
344	36.9
189	37.2
183	67.2
202	-24.8
362
348	Incarnate Word	Slnd	31	8-23
95.4
333	114.9
350	.1056
348	48.2
273	51.8
252	21.7
355	15.1
299	30.0
130	30.0
220	37.1
68	40.7
329	48.3
264	50.2
166	32.0
275	36.7
330	39.7
113	34.4
77	70.0
55	-19.5
349
349	Army	Pat	32	10-22
90.7
356	109.3
247	.1053
349	47.1
304	50.3
166	18.9
299	16.6
196	27.0
246	25.5
40	25.4
345	31.6
146	46.5
317	50.6
180	31.8
279	33.2
132	45.1
25	39.5
256	63.1
353	-19.5
351
350	Holy Cross	Pat	33	10-23
99.5
282	121.1
362	.0949
350	50.1
210	53.6
325	16.5
143	12.8
356	23.2
332	28.1
132	25.9
343	30.6
126	48.7
249	50.7
190	35.0
121	38.7
359	37.7
167	39.7
268	65.8
279	-19.3
348
351	Maryland Eastern Shore	MEAC	29	9-20
89.3
359	109.5
252	.0879
351	43.0
359	50.9
198	20.0
330	18.9
61	28.8
174	33.7
341	32.7
178	37.8
296	43.3
356	51.7
237	28.3
354	33.0
116	34.8
248	36.2
130	67.3
196	-16.4
319
352	Pacific	WCC	32	6-26
94.8
338	116.9
356	.0827
352	46.5
325	56.3
360	16.9
174	16.1
241	18.8
361	33.2
336	37.1
68	36.4
277	46.0
328	58.2
361	31.5
296	35.7
296	36.3
204	39.7
268	68.4
127	-19.2
345
353	Southeast Missouri St.	OVC	31	9-22
90.6
357	112.0
313	.0806
353	45.1
347	52.0
259	17.3
196	17.2
154	24.0
316	29.5
205	27.0
331	44.2
347	45.1
343	54.0
326	30.0
330	31.5
44	33.5
278	30.5
17	69.3
80	-18.3
336
354	Lindenwood	OVC	31	9-22
91.6
354	113.6
337	.0779
354	43.3
358	53.9
330	17.9
235	17.7
126	23.6
326	28.7
163	38.3
42	40.2
327	43.2
357	52.5
282	29.0
345	37.6
352	30.7
320	37.4
193	67.5
181	-18.2
334
355	Houston Christian	Slnd	29	6-23
96.8
319	120.1
361	.0771
355	46.9
312	54.0
333	21.0
344	13.6
343	29.7
145	33.7
341	36.8
73	28.6
80	47.9
277	55.5
351	29.5
338	34.0
185	28.0
350	34.1
68	71.6
22	-17.3
328
356	Siena	MAAC	32	4-28
90.4
358	112.8
328	.0727
356	44.7
352	51.8
252	23.4
361	14.8
310	33.2
51	31.2
282	30.8
236	28.0
63	46.1
326	51.3
220	28.0
359	35.2
266	34.3
263	34.1
68	66.1
267	-23.8
361
357	Stonehill	NEC	31	4-27
90.9
355	114.5
348	.0656
357	46.7
320	52.7
297	19.5
323	16.6
196	22.5
344	31.0
273	22.6
358	29.4
94	47.9
277	51.7
237	30.1
327	35.9
312	47.0
16	46.2
359	68.2
137	-22.0
355
358	VMI	SC	32	4-28
87.9
360	110.8
285	.0654
358	46.0
334	54.4
341	21.2
346	15.1
299	23.8
322	30.6
253	27.6
315	30.9
132	46.7
312	54.5
337	29.7
333	36.2
321	33.3
283	38.4
224	74.8
2	-22.8
358
359	IU Indy	Horz	32	6-26
92.7
351	117.2
358	.0635
359	46.5
325	58.2
362	21.3
351	18.5
79	30.0
130	35.5
356	33.2
158	33.4
201	49.5
213	59.0
362	24.7
362	38.0
355	24.3
361	37.5
195	67.4
186	-21.6
354
360	Saint Francis	NEC	30	8-22
93.5
347	118.1
359	.0634
360	47.2
300	53.0
309	21.2
346	17.1
161	32.9
59	31.3
290	32.6
181	35.4
256	45.7
333	52.9
295	33.2
209	35.4
280	35.1
237	37.1
180	65.6
293	-18.6
340
361	Coppin St.	MEAC	29	2-27
85.3
362	111.3
298	.0450
361	42.1
361	51.3
221	22.9
360	21.8
13	27.0
246	38.6
362	31.1
227	38.3
299	41.9
360	51.0
205	28.3
354	34.5
226	34.4
261	37.6
201	66.4
251	-23.0
359
362	Mississippi Valley St.	SWAC	31	1-30
85.9
361	115.9
352	.0311
362	42.5
360	55.6
356	24.0
362	17.2
154	27.9
206	35.7
357	33.0
165	41.6
336	41.9
360	55.6
353	29.2
344	37.0
340	30.4
325	36.5
143	64.6
329	-22.7
357
Rk	Team	Conf	G	Rec	AdjOE	AdjDE	Barthag	Efg%	EfgD%	TOR	TORD	ORB	DRB	FTR	FTRD	2P%	2P%D	3P%	3P%D	3PR	3PRD	Adj T.	WAB
Compiled by Bart Torvik from sacred data and secret formulas.
Quadrant filter based on NCAA thresholds and estimated Selection Sunday NET rank